051630
266426
057096
398932
327095
753370
778049
575543
783327
640273
871584
688307
016120
979395
525013
147177
088488
546647
602905
997827
378310
890478
127647
297101
009405
521394
049319
931617
610146
484757
744860
832220
438388
802984
751225
557784
854641
806928
827271
672210
880326
612707
358468
003551
489641
283654
961213
397228
803822
823275
388191
342968
469862
104720
780602
350370
829429
513687
625493
390841
945383
891909
674891
109682
768668
388824
164099
290579
370962
730338
564557
274519
399858
801543
928108
067574
727304
104889
824771
171023
673490
436735
926588
811134
242301
048369
582751
758018
853777
403535
435495
359840
754672
855428
050069
203308
243821
899915
606642
423850
596861
223360
001860
039418
187285
405202
005901
544418
853619
820295
079829
233422
946904
252848
633410
601611
984385
918198
524218
404933
444879
404037
051709
774538
357991
664735
549721
107523
656427
231450
318958
943189
203816
303471
194161
907098
794920
316002
552686
177924
045506
206208
518528
536724
915049
949200
702425
517412
515779
066130
472964
281898
347151
361782
228090
805228
553930
671164
268172
672185
619967
802651
182822
611821
927350
641509
152705
652180
482563
806317
027784
587119
483654
950354
425238
538920
419717
770702
128217
034378
751591
914625
640259
775426
516751
477462
216661
231184
455067
402177
574224
731519
923404
424784
509726
923304
436878
828726
090338
079725
458335
820410
610887
030171
003441
455747
678891
125283
864188
052903
761087
945905
870067
857485
904784
906356
774336
259517
288544
613682
061410
197256
261000
719398
274537
497782
233507
063981
748855
006643
827030
960361
990200
295808
251927
925309
608851
872889
616590
030022
767210
371842
140517
138111
093429
680308
221964
123304
963489
924376
132510
042782
757851
005032
195805
629381
597070
159812
126233
423453
302273
622748
343624
306066
927344
207289
802013
524753
067045
051369
505942
388368
688578
432877
799015
364564
648521
545157
771965
352815
772537
744485
800257
076354
574332
162440
969475
693177
940711
231861
935909
252394
197549
518505
635654
948921
681639
143508
995078
867433
242339
938700
567502
994595
149169
304700
922529
791874
822666
507069
687091
370547
344721
174830
565000
517960
212476
403271
898511
100178
306455
280853
118993
682329
092741
952106
333700
904264
881447
634476
620276
682712
474266
991543
147900
400627
870176
211893
793481
264983
063358
582754
483229
015093
165176
103407
971163
737885
283320
446132
488080
460407
057995
959351
349593
094167
971655
047446
355149
086265
728310
078642
195748
940592
923695
129006
243334
682260
499961
888328
966303
851915
576434
458533
564397
597817
090603
270147
543425
232863
255559
130008
767418
210215
874661
377427
033231
038188
027555
138862
606701
094216
308698
896887
502392
899383
231162
330862
192185
950721
740476
071153
801068
877125
537804
885453
661122
930425
806551
752468
235420
882404
561777
290077
873268
809710
306885
210967
545377
383298
022281
938592
889567
942367
727386
194208
589359
864760
114778
335624
754723
041022
924213
912921
672105
941423
811544
140155
919299
412650
235948
667668
435783
485522
367358
349639
985014
210797
973873
446406
311192
666556
133315
349831
686294
406723
156167
748790
496256
726619
560731
161146
495907
141245
135689
108156
843178
690954
916941
415797
645612
019583
206926
507656
918923
642934
073265
232193
178639
722933
996145
151136
599521
073292
802314
540461
533096
275547
754751
373969
524835
100470
877464
394949
800052
671025
545064
790841
617458
207409
431506
839056
954051
716896
237388
361935
081499
901841
782280
320637
829797
400202
713429
395882
231646
067358
352428
094342
828434
491617
311982
720789
798977
486702
325464
505109
037996
020634
672363
385727
646685
085546
339609
736683
565058
221912
089880
629263
983499
619369
324717
750449
818681
334765
950121
269471
460109
172663
655395
081579
065618
004395
168477
442581
007953
525002
492523
142156
756974
973373
579871
686855
787046
186786
404999
578480
698801
818274
602296
425968
351353
275137
911159
256417
854755
296923
514234
321190
747005
044875
509090
328166
900063
963043
737334
383504
922361
920313
254831
891744
659934
397970
715006
249072
655795
032994
565877
757517
798488
974220
093730
787362
067652
069182
934854
822476
313114
197839
752324
042585
099439
876720
728885
814036
204075
150369
047656
195586
325673
920193
039768
038048
166547
821053
365233
712246
101966
846988
614086
155169
060535
480685
080475
092495
173185
233880
052377
264696
813099
583501
597951
056762
302753
313371
065841
825932
386488
406692
135192
566341
971572
281920
423837
400113
438039
328196
102924
037235
427240
249899
710880
498066
458385
844298
182218
301777
332519
409355
233017
035527
396354
888898
521158
292421
387820
847344
474574
744084
390546
187372
141488
718518
470151
676532
224591
250907
063600
998088
161288
073799
516290
661065
986455
030266
157677
004119
523770
410890
755894
134804
485363
814387
442792
487154
886562
417073
883948
178422
488631
899921
105863
122448
629519
310770
291091
844534
215613
723117
526060
618195
840616
391977
860485
137569
138188
412565
934995
980874
880844
130114
786885
442484
871587
100435
055163
542807
762201
107647
274676
091401
707697
000966
181896
868676
826980
421630
834718
717563
207308
398104
162513
613736
328000
303432
905027
232567
288589
479823
596732
063253
624621
080504
032721
400057
051081
646366
220326
775022
378486
231880
055629
753502
299360
076938
735601
650051
885931
985175
403649
656900
587567
012280
003039
001493
870741
866642
447049
962300
429916
855459
807969
140389
416089
611569
629730
697729
742116
851889
852929
313056
101038
291824
100455
266133
374682
680854
436813
430141
562998
971990
466767
470307
472206
103075
949180
530423
404712
989640
589072
015945
853671
702617
591791
894562
381610
927328
887400
034120
332501
099671
019385
443435
330669
949468
403656
087608
688053
597199
632828
230082
288515
116983
450659
563207
444295
399585
430739
911229
645994
415864
192932
358274
533728
620935
681183
035181
381829
838439
795554
360220
085512
197833
318725
781825
180581
847895
893721
485729
441071
500443
798751
855437
627255
002708
825607
464964
090663
236005
137906
619940
482393
149872
899831
897540
433278
339177
742775
967596
918359
299408
828080
304327
625177
634994
135553
835758
289398
194544
777203
100598
394847
421316
260348
707504
431650
662620
515236
417673
158097
491112
164733
872861
397781
002927
722857
430840
289235
129371
128847
488246
736498
206404
684778
634497
831316
446384
811915
390195
849173
336160
251425
783411
680656
957377
782553
748433
876069
691891
927453
646090
855749
783010
711103
539354
893770
742069
684215
617717
993230
361808
356265
278534
525252
187458
269891
886433
789514
721948
224090
480584
112967
391462
163222
586532
741288
063133
482284
059042
144164
595845
354505
989170
004530
363044
554277
237346
960988
891538
614375
339559
999197
783652
351988
250576
727229
260344
695953
713763
257256
322628
981387
253919
266051
642005
545587
868741
049181
085171
974658
447503
