519419
862730
858817
256886
270978
552677
071191
456449
485235
234494
273311
632184
208115
838234
122778
414839
084816
181788
352799
859562
360441
555248
084876
332706
847952
104512
335988
793093
317712
651371
202508
471700
643582
153152
285021
804878
896984
196256
364210
519388
678806
658564
496807
210468
299621
297808
219153
795402
605690
152199
780634
004606
683877
824318
661844
340273
373759
947701
814709
859829
581603
946880
284668
608780
499973
063130
486453
818747
317621
309802
022654
729993
358438
221485
609810
327968
482791
980396
635114
542443
155090
754244
514050
085064
242298
440565
461144
694209
802013
125500
437529
296931
166799
441432
548839
416858
424369
158615
390374
663345
117113
078309
693203
335983
872115
721585
461172
621194
271000
238321
978524
868226
688277
342833
183393
235859
369575
870393
223426
752052
205989
390877
808478
765391
526644
359294
401894
310329
338676
677882
806296
730603
606509
101071
625335
395773
474085
368319
579197
814012
682925
211546
401898
396740
447866
348696
083735
089035
599802
795730
653346
638373
725387
914111
697073
907362
462167
717115
983570
443636
768746
075549
222731
579357
356768
883048
465410
889796
652887
721327
926128
534186
881174
966447
536299
718064
174952
940930
291964
510810
954846
526404
101210
335602
821413
964346
000267
151749
853107
988043
079204
241253
235553
145765
138603
674999
949370
768957
368045
559683
072677
936728
133975
154528
462186
675032
919306
015848
608093
050379
523437
636121
274095
232680
715183
151459
038672
558298
614207
472476
245340
879941
047841
309590
079069
836490
014742
941752
875079
996752
873277
367668
697490
721135
283287
014580
642535
532445
980817
758944
440770
470671
725596
832494
971982
605361
625602
095791
204920
068121
261862
373832
813092
267708
014080
820470
335230
524359
778657
000216
269400
304746
274423
791963
275614
894888
068415
326456
107698
469106
819213
302447
867315
352385
456056
446393
545295
097846
755077
433619
276614
188937
161558
527019
548761
607827
136822
719726
330562
113247
234652
850373
001094
995256
094855
472212
283007
215912
345362
214020
033906
521990
559094
908680
489365
976491
576442
672900
625920
587956
258844
517126
490453
664714
510096
713772
665040
003370
955420
692739
698447
155626
240104
523825
339903
650605
956672
799379
078608
689570
942985
577827
277380
315075
626633
718097
455268
373491
643428
504149
362871
796236
671726
930995
413023
514027
540415
727736
937523
107572
828556
208971
677242
962776
178139
568979
841411
601270
415801
372730
598639
853484
805397
872313
981967
865035
896022
909193
366112
364746
534672
251018
495718
415746
013023
519389
326145
835836
194243
671261
622161
785178
179115
002557
175161
242848
507452
731938
864110
469812
379748
249935
627062
122034
215973
044286
353412
383411
082083
603419
904810
916622
172945
589711
259343
288209
345625
365217
925894
321708
832195
625764
475430
894387
363331
281278
163682
262338
144300
556288
272592
050962
297659
678812
063374
762419
376190
568142
138516
673692
441532
509917
899670
609222
455290
641784
384430
661621
913042
817691
039378
854906
045280
210990
214742
738774
752766
790376
203562
690419
597942
931845
652939
413823
589690
582529
785431
639865
536295
782199
517146
746524
546452
783740
058492
232393
417984
834677
281614
169012
444001
616428
347770
661359
975125
438183
404334
412108
501188
406254
644388
833271
828255
512681
218746
729863
579491
662619
451572
051324
626547
950174
488055
503978
767819
405273
353716
126017
628806
454240
878731
435528
986585
583818
705075
514406
449669
570877
356550
896911
294077
839646
380693
838246
350859
580107
137875
042821
128408
178016
932424
147893
094296
232079
985960
992736
950625
940478
645532
009389
482204
381450
720969
410176
077953
770314
776107
675064
997880
080521
835830
868451
512175
822034
859993
422638
544585
549689
348746
679554
695588
343120
890527
549989
253426
822812
932608
497739
455856
739077
360735
198410
851654
064897
012026
212716
452792
121708
283908
682442
493574
011708
084209
582050
109156
899531
699018
060476
385042
911012
237530
405813
809336
869595
364826
872860
583117
241729
850555
153477
603973
333887
592452
773634
794008
267674
979565
962894
344521
836526
066369
074394
072573
862237
211371
298167
799643
750321
857220
639631
934467
001589
986271
391416
559447
828733
289990
641814
781733
449609
787798
465449
475393
276606
669408
435481
103636
417308
420567
485980
759198
877965
503212
717747
878689
010030
574995
818706
740490
406043
453048
561627
344402
373793
732460
498703
545251
594462
820051
509533
478578
736262
829806
532544
141612
869976
577376
995655
336984
240184
545011
415126
419509
649412
313722
891565
136255
886197
273445
095228
033247
237968
821067
644403
761590
700993
456711
767820
377605
009145
475291
934340
466889
976324
951927
794219
814656
405672
187872
622140
493146
736085
483115
079651
396169
289105
810088
494686
489395
401141
414741
576586
086515
105707
866476
259191
053553
139533
281999
615665
101775
473893
707115
617650
430491
875797
506115
631953
353549
083831
089918
829895
872569
794203
479515
390418
528752
468646
001642
535471
522005
783318
505607
966564
235191
091318
845258
383794
237700
088774
915497
089235
906640
890054
136407
901971
003468
894749
804602
157631
398316
608602
229207
328663
006913
179066
043874
477086
670108
170831
727239
649443
020528
932110
191877
297453
111701
635183
006340
977801
215096
512398
534477
955060
868543
364200
918848
059407
890686
844790
454131
210706
132161
989861
897536
402055
393140
174053
041750
209141
691091
107463
280041
659629
824008
601423
147517
562929
585447
113181
126172
240297
599145
509061
610472
560021
149090
392172
746979
965061
504455
589639
412698
685951
282477
451306
365020
956546
895472
452022
684970
320135
267791
834161
744993
930408
044990
835846
816202
334684
405906
776814
483968
721513
675618
685163
329707
510884
806236
115996
775004
079787
742015
237949
395956
035656
231646
772499
894364
477924
957969
965181
654274
044230
537975
435934
568998
090135
868279
038788
428087
747823
162147
643417
061371
359218
690778
508265
591002
097586
719851
863298
696954
629411
300597
736541
578361
355148
192292
697966
265206
105993
312855
812104
327916
156805
005482
498073
860152
315517
693050
796250
698177
746664
333425
616039
890092
849223
393666
376659
274537
149951
685670
723389
417738
529089
446304
286636
425537
643362
916513
514612
846994
706397
592906
082342
732613
567293
955169
404598
256059
191367
888151
574591
977975
913665
960269
090664
132588
256570
200812
495898
978493
964004
234149
830561
223315
158009
391298
365471
529104
808906
176966
158798
756115
370201
803489
158763
173550
973113
934432
629996
532603
674707
655848
558345
349912
231716
887299
008085
424567
178243
464189
160394
157268
394592
658864
158847
612545
998351
298604
338641
852071
573101
760479
640148
555087
280756
399154
735064
826239
387748
835845
687727
683553
140958
133689
902340
210138
450595
540582
733987
177206
328678
034254
775010
776866
346090
280995
304703
