261728
309226
788260
339313
164022
039286
243845
538704
712258
050919
724421
628545
528891
386317
295078
355190
446035
895026
925016
015507
265982
309698
798899
349013
972074
348508
181305
533030
575861
626485
421042
565337
349927
303883
317860
369611
979246
701403
537873
858293
662020
156899
230836
716174
555898
853122
254762
487913
109332
949637
604243
198437
604860
279311
720512
845578
688397
229796
552195
183781
731461
012414
063654
790105
331077
320331
769941
958954
064240
149534
360968
476246
059009
693736
450373
225256
356378
474021
640497
933937
907922
958742
941896
334387
814291
826957
412931
106743
415060
337066
536562
726236
928159
997876
470743
237664
906153
839798
090106
360285
146287
249196
074909
772596
766705
277982
463244
682117
906775
116001
336244
665911
684458
765572
455616
669045
276729
608605
310755
823002
994166
287245
543977
177207
372063
943996
010266
373493
835350
670839
395071
253160
781012
768974
376167
130775
411309
358564
586462
255222
833393
310285
334737
110031
205291
188359
673673
040498
693863
857018
725901
279989
417742
643596
543356
466951
617523
258717
741132
228437
923936
346454
960099
974573
291145
914653
834201
616738
218484
443584
449591
581784
067231
873999
132162
510285
172051
849016
351861
890064
226457
849878
547685
846617
700348
106404
862358
226424
553217
006737
225913
818702
937673
026573
212396
474092
410101
321720
680621
706992
123100
711889
719493
235362
739833
725477
379770
327624
337528
341682
308074
350441
418340
890890
429501
881224
464700
200398
547177
531149
937387
192405
070708
164225
746843
211108
296633
079797
374725
422487
386581
334244
345807
424435
070841
615237
960168
411515
609980
318690
243994
427810
642136
853942
038061
463828
063968
909431
920323
792149
320056
434113
634303
556779
851165
867469
726116
191440
828585
134777
172608
452855
846632
705215
691338
257084
215931
185525
454497
863351
180755
936041
637783
261994
570710
015818
730918
686602
380353
957588
889305
595342
571983
588734
272358
796122
472851
889117
556534
689654
685741
401346
458894
461433
415538
612850
667323
863391
989266
180138
403093
343491
480704
155192
751475
641476
528212
430295
819836
625322
051817
784821
301171
965534
834395
304555
626308
708762
351197
008083
453672
911488
944903
449541
741894
830138
243486
076355
717410
928989
375799
624090
729479
887952
353359
076734
738820
993097
192823
255501
196324
262976
220240
519710
328640
521372
180081
923064
193050
813058
264790
929978
936979
621544
943367
296050
364195
397887
756579
732665
272306
462804
212210
007743
645838
722018
927161
924553
434902
186611
962821
613954
033989
344473
610381
135065
538257
677260
619011
791235
819571
360603
829597
643761
286371
619136
343530
767872
495745
387285
613877
976964
983791
695523
005428
530105
477130
085769
991656
813170
907022
937021
263885
037272
022966
457535
140267
384560
207562
653442
029965
739586
076718
818479
750096
865318
281475
129353
234425
849767
765546
514324
900029
930907
820656
987448
733843
258113
301253
441987
419167
504278
736151
107310
056735
862444
207482
657289
432103
433435
280492
938954
021855
156226
687680
137084
923227
344505
014873
030317
586109
666015
797036
689992
748013
110978
244927
491342
977342
840161
492353
987505
100698
439234
522256
112522
477414
398640
309521
522393
702874
525811
905537
842439
312889
640026
302087
098443
362858
318179
332074
679594
767281
170175
033388
470873
703229
012386
189241
904537
136340
222586
577323
442949
673049
842777
868964
046457
588579
548319
842836
676262
327272
926759
767050
799970
324594
880139
929185
201252
367772
566822
386641
816352
462110
282288
831137
922493
076343
931322
046313
206417
552321
820691
648621
200757
578175
935024
375186
181464
561736
635340
920597
576296
588010
436492
516151
065631
389396
354660
476276
394736
299059
957654
045361
302983
403030
692536
600819
154980
242787
168707
439501
464438
259047
529203
559930
182311
130182
880553
704390
373266
164593
481815
303561
809003
615695
450314
124722
014015
596035
640909
612794
253848
929879
574406
909155
591986
932727
390443
207881
282801
640015
884795
150238
262275
211117
282124
874034
375945
849427
394624
720050
983300
756891
078576
408161
617147
691944
060253
008230
371851
259312
442851
557393
468617
912966
468524
509557
281358
620005
819697
679898
641150
354207
465735
254220
664352
214575
632352
387918
500830
775724
272087
575275
495516
472115
750640
482274
604370
256468
131301
055224
241706
163496
342176
973795
917284
035750
925416
539063
040548
788049
315811
860947
583662
115227
009106
780443
177836
045425
824886
877764
544719
569346
908678
849313
641661
286392
506180
663081
343256
336659
726834
198878
420756
568240
309648
084760
728183
233408
986100
414520
119775
393352
798065
310611
080299
889872
213510
167507
709633
791452
309480
240882
984004
136273
934574
594763
765538
611488
270938
776733
702217
007644
123504
178192
404640
148239
349906
157708
602032
238876
182993
324880
697125
804190
790144
612071
794883
627718
713261
820224
424776
375589
062354
217907
788367
539809
653976
101027
127505
607796
590217
323186
310322
578586
946800
756267
227522
089825
975320
242430
517472
857260
998289
164490
136198
447663
468928
156877
600608
718148
278056
147666
703744
187540
848411
532443
447071
728559
126042
044320
675829
085931
543641
719843
417790
015591
186172
988736
030081
060362
451648
834223
230736
818899
545167
953388
497876
540049
591338
610206
919827
762667
426896
898082
460646
436478
356542
102472
686005
216564
833602
133056
138795
492639
779402
704328
051940
195366
689399
651689
706147
149565
847461
980557
050246
754388
877812
592376
209142
389452
673612
556801
692640
051378
638242
173634
341342
978212
373826
249115
417387
654599
571673
394524
873928
881916
509734
780028
802264
466577
602763
955085
440193
475637
785596
257672
091453
119735
209145
708648
646168
667208
428366
117447
168981
815885
096688
253215
773501
773122
998470
648521
139990
988424
226975
562211
325036
043027
831867
225004
397489
105147
062900
851708
961157
335288
462010
279169
535093
342249
738410
371693
902521
869098
632635
236679
894664
800898
973508
678211
761242
875842
423393
561853
787794
646967
446859
176319
413683
092333
044778
207702
318581
893746
016234
085507
042661
220763
066274
554353
170694
735666
142241
293419
588599
531084
055220
269454
101726
366067
411522
245183
685791
183143
633521
698706
190713
423728
026174
564097
166643
094158
676959
178992
413307
563021
554310
667398
566653
036247
033055
946044
011152
021315
967858
171781
640495
441867
473201
553923
955133
592628
347037
962539
605927
475944
687143
219981
439189
460859
198818
984087
692704
548414
883426
427610
869258
318051
506415
572723
014023
461358
161526
421740
094643
018962
100811
756811
195626
264426
815990
796825
494132
229747
882192
600008
389421
835694
090077
281745
433661
531929
726339
947391
193182
812911
430426
773262
036951
688287
943528
628675
814970
064767
771419
147327
720512
581474
287753
751980
437755
315509
537736
133853
569335
869351
758723
