733923
907008
387378
799310
831665
285634
289081
099952
553882
168403
698414
334809
142748
249942
949607
998135
976512
630528
907750
808654
311670
875147
579400
871340
287516
817590
429657
111664
711226
393387
446977
370935
499836
886893
960143
734474
768365
509974
125424
626300
833829
558348
494136
401322
879663
740588
975532
652389
866764
111152
435763
073226
166921
679147
542593
261900
563012
865895
600833
594789
814188
906984
815487
836808
772443
116825
045549
990897
535982
431200
467909
459515
112035
947160
293774
633537
086206
473155
054320
892159
175001
215431
562917
286380
112040
159156
520687
436084
931087
066870
578865
640129
467907
246459
836104
188586
351395
407658
792871
490487
813514
547117
040674
140234
268996
820678
253599
466284
228652
721614
158528
900019
008333
180476
924625
100776
653746
691882
356303
567698
198491
736311
695079
297451
485718
796001
977677
050748
228024
382954
057387
247495
259997
655826
099285
201382
311083
311631
285842
545086
023784
467862
778099
524113
785699
984222
866360
558936
352346
489319
587662
771053
536432
241594
111850
072832
895383
926076
463702
281008
815784
560642
040973
288671
278302
638939
868638
263637
666527
081270
090684
289861
343088
797213
030923
308615
523303
920688
320456
987451
408307
978092
285851
460819
457214
019540
730379
119943
274461
474560
535597
783933
005426
533506
951711
846551
227571
030381
542469
630025
211360
467280
167049
413540
499768
285464
301820
653191
907447
288931
089583
719485
410908
846892
255054
713449
416649
615396
161710
880963
820983
019231
067069
828285
078614
773327
252482
049611
107003
131280
159560
974108
784834
359394
085931
112204
656835
023031
294326
393881
366093
230623
588053
391169
292410
872744
333217
925289
929704
255531
685173
274817
253745
819128
382717
178848
192735
617153
453327
471491
087412
592531
319591
331876
771817
188223
801919
155868
679821
525683
115049
565820
473737
105635
117033
726774
844790
065349
207785
451061
502732
820129
913733
662659
518079
518287
005102
890545
850842
233826
578869
866714
682824
495919
967351
732327
419238
330838
113212
780002
342881
903338
746981
738719
946674
983864
947387
566688
795185
974966
375106
222927
759725
575499
101651
809659
178766
634066
387943
934436
769061
283364
589066
003290
394917
999006
186670
497820
085468
067177
977399
307006
107547
001318
225195
175739
408141
319044
789233
670275
347544
427920
646882
989633
994530
460769
134854
286631
740077
375226
439862
878671
162313
848169
519852
968323
339249
975239
861942
395242
455091
580872
063433
760944
472476
327322
026936
047300
716735
677399
313915
692806
104097
623039
682876
481725
604909
002759
624562
763669
263808
858679
377059
637900
855035
337083
417544
192054
481734
135778
728295
987885
450919
433443
040205
899277
978643
408430
575006
175014
085972
944396
923409
096613
126025
323447
940859
749524
466299
332746
948997
504464
313636
903209
510224
840845
411454
877629
132766
835675
626999
395552
866745
139685
689677
330000
797176
665597
165752
726354
609792
051921
651177
455095
287974
987064
438872
415075
884657
257930
900670
074319
183737
973797
557109
437008
617290
877174
163124
043906
447425
956849
920396
824330
299540
970005
516562
835206
315646
315177
394934
950064
575077
416429
606977
869211
999265
297563
121587
394612
937842
491651
343057
370608
485451
620887
211269
852960
878810
177949
622208
470048
378026
281655
105074
562311
188282
666068
685737
179322
359039
339440
554593
394820
279169
271384
262553
033198
451180
818858
033026
095003
753047
660768
921375
750219
257027
433911
456531
734374
543652
940498
458226
052225
445530
008812
819072
060293
485989
950394
081600
660099
155335
383593
000912
290042
676111
774231
714092
759384
183196
883111
566835
485907
326585
326518
802867
157398
421320
486312
708842
558667
397877
529935
279102
214247
895503
660527
271143
261935
483260
749781
720561
607876
239558
507708
030225
864965
690355
187883
694601
962231
915264
145717
664648
488913
078273
705293
288024
110805
163529
843190
984025
614377
683819
580611
108524
455136
330773
571200
048433
063030
429758
314623
834293
780902
704208
498697
499144
470763
934213
663616
075603
263437
782563
206073
331554
236949
178803
812369
014667
892932
495144
559940
823413
059067
372752
677533
535377
416984
824095
813801
913018
083453
843860
575996
587477
931063
837195
439577
806623
972927
445493
169393
619302
106436
472931
158055
863386
819220
418716
275718
369057
190056
011632
214876
787244
512292
056485
561133
291317
423230
313134
657512
633869
265598
554751
032018
172354
602094
454391
204836
628581
313739
982307
308271
112168
241163
257563
379818
859845
811103
402714
401709
896085
897858
575662
480278
913359
506906
370800
581478
011908
375546
144202
929387
709427
149226
988863
921102
860478
480774
008500
704449
121650
704651
307805
471649
881423
825835
479090
481341
836582
909678
121972
805546
530364
083882
940375
583800
865143
391977
644948
747422
767144
065022
400102
567985
545232
776615
205089
353906
736823
054008
269372
558317
946969
388774
979568
615663
124885
990430
650440
444064
135979
023603
956275
685962
451828
814471
558584
865572
054120
724543
760930
190068
141928
558009
387759
080910
401179
566861
154840
280711
507293
396839
172219
541463
643758
539966
735916
742266
233219
800050
118998
899499
554815
332910
479165
512237
957697
941803
878067
612511
171526
938692
493282
009502
120324
852076
829617
629803
811427
654113
185924
951979
147324
527699
644166
337531
196152
093293
265256
266896
749319
486227
314317
735045
467434
550049
238011
465514
185371
591829
720348
832799
835027
852869
725559
441128
754605
645963
224273
444533
375147
165961
320235
316956
662162
046769
691449
643444
474205
149722
240820
874972
270348
249664
144921
875687
322615
116511
339388
011769
547645
164219
972233
201959
543050
954743
037350
391257
963523
384621
510324
425448
215904
102773
714894
183421
011917
082612
785135
942677
171771
317594
881991
663770
291059
359928
293924
017358
193911
654712
158928
860909
605315
713859
093220
282656
973787
049784
383155
062416
407531
371453
944992
045380
055346
763487
265077
428747
519702
467712
542874
936501
328074
804536
228376
630117
950460
212069
357930
046860
076514
627804
028385
409544
496414
178844
680246
192013
128257
749791
724276
555045
371099
957011
283499
798525
088873
454348
398241
358815
945632
800404
499133
132426
284854
840790
138004
189543
038090
478648
238812
435464
812378
561682
996749
834317
795229
258223
105028
049073
790388
954918
111391
326332
727546
710773
554288
330397
951837
506814
133580
666653
579107
748380
030676
624418
705215
224448
872940
350940
227119
276122
050267
659987
845441
934670
535276
840160
604460
573180
598223
644034
508141
262474
851316
972192
860027
084748
971015
047732
482316
445723
548895
498819
303835
597181
861478
193891
003734
823189
444951
419537
701617
852217
262682
884536
118378
855319
430078
204766
253893
809966
999642
591140
165094
457002
057175
307924
954277
079023
434959
237501
025331
673277
968731
159852
