379462
291049
645535
554604
839189
655298
909403
532091
475516
571456
527980
247718
617316
379901
331196
782151
191177
630575
845679
116440
808842
966731
265788
455430
936673
378049
268426
448482
848373
237486
285742
063955
939963
250314
338830
189097
849464
457484
238410
160003
063671
794438
457504
340065
052184
912266
297844
356614
775646
815602
562214
808085
758381
178897
309834
909836
314138
703761
677392
754817
923678
569511
508787
882518
674993
478383
677322
208185
371003
054580
017058
251287
009143
352740
206794
552937
333142
543180
927944
697242
479380
328769
061835
118023
237168
315723
083709
357041
380103
763700
152765
395467
273728
853184
467252
247276
677362
476652
309528
137313
182167
649071
491514
834562
269974
851534
219753
187785
950417
660284
694778
488841
325756
949227
857844
149656
683950
942813
160508
505151
234318
663757
549786
286743
305877
459592
561274
755553
894194
410814
259161
356843
316844
854720
544338
957905
031692
914116
451961
288559
599626
966870
536910
239300
956250
626709
713459
578636
369731
275033
864041
435796
152108
558757
713756
079125
563871
858766
570049
443553
547042
131251
912475
045493
948631
271045
343230
170406
564749
585999
061030
003703
284012
734133
966676
373178
860168
374993
636898
338916
605347
212096
114536
235325
889380
007055
480916
863029
921242
297628
225203
155713
667703
163917
253697
362866
840879
336368
085571
304980
579678
585651
172672
136929
536177
870461
804422
877152
150499
656359
067397
791983
991327
927271
451709
423752
395977
839348
355325
509970
808384
443411
303467
081539
524308
864766
707825
616987
922905
555493
214421
054838
060847
413289
580604
831382
353343
386944
731665
617751
650337
137531
653885
231779
924314
052548
436042
278869
809063
497831
424244
390863
404550
020590
039389
933847
923074
873233
770037
144374
873235
248160
399818
490700
575227
441059
435574
856458
994053
094939
552107
748410
611468
528580
173370
188564
412432
254928
713522
814099
891086
644057
996897
631498
959371
336325
375375
943283
252313
373153
761248
729451
533906
378756
251668
224915
339336
276591
954172
907827
241413
558196
484962
931802
757183
862363
744749
100921
379402
523480
272762
083928
916966
143057
579492
829536
867056
770457
130639
355865
795458
607612
176226
004449
224409
357845
761250
143667
368665
924845
175370
881085
188397
335511
030846
408351
563681
235472
886614
808026
328271
189148
538720
400961
838359
529807
301896
546413
088428
606545
398232
509110
038242
540485
695655
451269
662303
488212
354575
448637
189987
400820
510809
340502
925316
144831
621451
751032
748527
798355
070734
413826
589508
317571
875048
001737
868194
348579
611451
498022
292488
973574
083703
702157
723256
861659
349989
209058
396508
795303
911322
792748
574269
247339
558109
740510
232591
103299
879935
305465
344655
128357
979820
253972
043094
826877
315626
611003
864226
646917
851824
845949
191265
179763
800182
606062
707985
922579
557352
996592
147980
096942
660707
751166
476342
311593
876064
269013
162438
577716
117617
180676
476099
646540
264789
459803
605968
845677
552088
296549
490863
651942
538268
502570
911924
940901
458498
574142
947626
246433
643297
615211
200212
898370
096276
270355
947891
965156
284514
851498
181426
226484
371635
336325
934513
597678
068755
554099
914103
766028
643060
267318
909606
959511
905476
584759
449801
842171
448764
820742
716842
485364
540535
383322
163652
103811
302853
774988
726822
809730
954273
997718
979246
523439
182869
185306
419349
318217
676048
781840
691266
680134
992826
304867
482985
231382
614583
314644
355667
715451
178926
785142
009242
746658
876822
380616
662022
334927
580136
151872
394659
468058
394835
514062
574587
868547
891959
991427
961133
848475
287522
530773
853829
976705
583286
395142
723554
594098
060533
611119
418513
098250
517172
350631
279300
535214
102161
153869
781956
684274
987869
930427
339696
852277
118758
419565
480203
925704
932039
777378
853553
911184
141197
634632
900368
836088
234570
495355
538945
861394
463923
215664
197119
135044
062374
262887
074849
558340
335624
009201
727422
854174
940312
634888
958788
235626
107849
908210
446672
409907
381754
995292
754201
967918
972088
914876
569196
141656
965200
947308
219616
000780
401335
900349
827067
118688
236206
856258
032374
396335
368989
500868
989583
169566
496877
813095
025622
190055
753691
036368
407209
979661
899223
139282
534267
863784
749135
323392
609129
388032
443613
733197
855961
801717
542445
358476
603739
438896
010551
696605
010277
387008
044758
889905
539563
125244
054415
908647
065559
905347
505907
778286
569907
793493
333597
581353
492931
444027
708612
904425
310911
284943
474205
741274
338258
708509
405164
623057
262063
181131
392350
577715
282143
390459
279461
396205
692860
936463
831029
415432
233478
278826
544167
993429
452414
991796
149096
331939
682281
606796
977977
451604
043479
645369
724720
592508
525424
324178
961854
270318
199936
644522
052652
751893
246012
846115
849293
132897
433683
404337
393947
601304
679404
470286
618028
927456
639327
471626
024387
274424
025173
122657
885403
821012
346590
471775
052514
973797
338094
976927
812945
093927
455905
010191
614630
702787
232565
809928
836585
866430
142461
842039
188472
658467
704344
730613
921022
929792
019800
598543
553793
383273
958334
168526
213472
706814
880403
551275
367028
882510
440784
094333
459401
607616
751410
908214
683705
349002
639544
979874
911771
584343
790635
224913
188520
569093
640933
784824
673440
052592
136481
896434
338383
665832
686782
673869
542399
230013
569579
760012
758746
325954
986204
308631
805731
157479
596808
039693
124141
058690
192203
257821
216282
491332
009541
479627
324845
343413
835442
838686
718715
235844
501046
867052
589653
142463
107720
981871
722655
881105
640255
961333
755751
122993
131832
636822
423359
851767
748893
469295
243797
759796
973755
788829
306243
460916
086571
479863
218333
956765
259104
364566
913343
561357
841533
770220
299226
572143
528639
396974
635270
267497
193547
196616
030835
058661
722935
674018
208949
810702
302686
536673
611012
214000
107024
973736
767882
735924
328301
443007
107158
189160
729664
387843
710392
900737
949075
798557
498526
318145
814315
449726
423068
405303
976496
106958
099481
768929
897337
176545
238245
207754
688861
700917
650927
662934
323472
373440
304404
650270
404495
745996
772525
628759
987202
112079
065322
849811
620203
819421
465774
178653
352554
617859
761633
872853
740287
583878
458964
013906
082098
235687
344178
542645
513993
237502
820099
443325
732123
359818
845399
703637
528607
963453
425090
814929
561323
756886
634821
215466
683950
337577
032275
429852
168929
742692
789067
681535
824304
678151
270062
183668
415535
628967
695675
671882
923273
830041
214685
059487
960176
920588
601542
039494
898977
943983
942423
591533
159267
602297
594422
458151
143880
595996
081873
127905
107724
117963
761275
861554
552726
509750
364457
573761
814697
178712
788813
634641
783080
680272
602706
009582
045696
984282
554968
320467
833685
672464
449077
140031
