372207
470231
960803
139781
675052
088840
172409
259295
847196
893465
317469
743271
916934
238928
406755
060652
652976
718267
753967
041978
512856
323941
010225
861613
854528
554719
687714
687054
381086
818660
539679
120473
091827
501266
460500
812544
236449
104727
905528
852996
981011
020302
119446
987852
059654
383367
426799
489062
300662
186895
854944
248147
718248
009116
617533
431952
381564
343167
478984
819516
540338
456886
121728
500346
123381
885574
694207
753718
580521
166367
375138
798017
502095
483786
691679
528859
113071
557610
609811
595636
566886
730149
768519
392267
970025
609084
460380
230094
781082
024949
591352
642633
349709
279368
046104
950494
766132
558017
523016
130085
781329
558058
885352
282425
176774
458887
994663
907848
036228
436491
887716
900404
131656
493517
134499
587487
422375
607647
920504
084113
813624
195114
131141
242889
857535
093737
215055
145659
024722
069760
393430
907709
977270
231063
171468
661332
461303
846377
605982
002854
063438
932412
904578
973916
454906
527260
905072
825515
524778
200725
505086
696746
907046
659370
051311
668794
923697
140601
030199
952174
899316
664521
247307
693267
709319
171126
780862
432427
154795
842288
790148
550230
165520
539670
917675
591194
986679
776507
181987
307712
241011
226177
671875
417095
214561
975645
315304
356735
658773
480980
782927
103359
360355
245113
651653
872051
393270
136958
135991
453140
935716
672411
679608
822595
063817
205723
963259
902687
086475
797311
651233
954433
206133
232713
701983
801863
641253
061216
786426
879939
066443
528200
059009
823788
973419
121854
046038
232492
303586
257843
356156
889758
038964
548789
874000
837910
097685
142186
587455
593216
510333
039357
729817
584935
238588
023628
878990
784521
261437
561667
268655
604777
122903
374721
839302
078197
675413
647946
895307
722012
528532
851437
942568
765809
844553
298664
857817
939118
392699
497366
898074
603633
538852
029677
243816
797261
821226
949502
303258
487755
832778
733309
355049
659876
662031
499387
597817
388322
987498
120918
778137
654614
478939
013021
873630
120214
755301
553934
504807
853784
072217
314047
313457
961718
580023
185093
595275
374190
329716
627963
217416
087377
128455
957828
545187
799604
759419
920081
552439
088902
899101
699477
399073
371594
522991
902227
475594
142395
268759
635579
481449
825178
631157
461090
554315
510509
466669
669875
539314
116817
448234
923491
853484
927783
074774
409869
769409
339044
373385
452506
676375
353137
480762
449785
262250
077814
399273
047109
155068
694909
230980
730862
404213
332458
289072
907393
724217
505124
362909
601450
691362
162356
317831
469859
207613
698626
768311
243877
753110
679860
220114
038515
213327
930981
868346
866141
835130
750287
529774
663047
550824
916871
360537
920108
485167
765864
036097
157619
104786
211595
123809
317614
510075
539393
057213
681967
301538
400077
403886
134964
636766
563730
766789
505717
305286
974449
713126
166966
492519
095099
376844
168259
747761
189546
663595
671695
195416
952515
924340
269974
661062
075145
324962
765696
853784
540606
059193
614599
111362
830569
347127
813872
637913
238411
299352
094999
885656
548771
896232
745944
057331
531984
133601
741738
399878
688522
155428
574988
556516
280990
765506
847768
413313
325381
085681
172500
519861
845556
470305
091569
827748
840034
697487
743206
307919
953835
158239
968618
941085
711921
149198
080771
429964
950906
855303
961220
690898
901554
322799
200092
881268
929002
390506
989051
755737
358152
910228
161121
353261
797877
748990
509144
196551
115357
437623
552958
826235
482140
042321
958872
676971
539030
545040
292613
827941
451154
228124
499382
316194
114046
891039
731507
769657
768694
552022
931887
956249
123793
763111
164066
430086
115184
925106
065129
626800
415044
401412
259699
213976
714537
681190
124571
948584
170642
768430
924830
729099
593353
853186
430034
054129
008088
315582
080639
519811
505297
107911
056981
363007
254231
987706
565297
485031
803473
838691
775498
064024
879851
475348
616277
053846
848384
010981
321571
801589
320065
794247
106606
441267
037737
865445
226689
581801
408086
687513
668551
203324
857494
338027
796648
924487
941256
307695
846268
709600
203584
784233
648841
416408
593406
522079
572627
454729
955699
510081
516958
091939
459093
902940
457386
866294
640457
717335
366841
558536
257314
455914
400286
231991
937164
335556
230123
005957
794018
061818
401935
574465
684734
563379
411620
669470
845659
626286
440035
935291
768116
822352
268495
466387
087671
193772
215034
580464
703881
960844
194109
609558
856810
685734
321908
924334
146383
450316
962211
777488
227944
445483
419581
149445
188114
630893
723277
766595
188895
430639
559082
953151
872871
615307
688175
058998
515345
770304
867667
480571
430231
938819
685943
103108
795245
015202
118820
196037
384175
623892
665473
294101
488425
398455
385912
265963
639207
510032
516773
758495
406365
178466
991663
241883
965724
151236
683336
802351
529116
683383
677513
433726
307225
819728
260961
943821
686896
872926
049748
358821
828144
804787
866788
775930
854433
892287
547010
288528
495480
005409
521369
781141
284013
233101
178835
578267
220948
760029
460829
544819
303375
948262
224273
485407
758789
217714
301256
963465
909690
400431
058301
898833
824250
575863
886815
007180
505952
747073
618939
278123
144048
265952
241546
654031
877856
873181
380287
338726
710912
308867
258831
371519
014033
685202
908421
734949
849127
886329
155963
967370
427280
393730
788583
540187
208465
326597
934914
297845
877179
311061
225243
430280
621107
467617
771937
241522
176705
761704
383481
630776
721746
252509
425436
498466
940060
774667
290654
539197
327784
828640
157769
310568
560477
331872
944076
398711
370157
160185
322622
079911
800159
659157
334346
553863
186050
144730
466018
422085
955893
228553
496004
307328
377346
374169
227149
692697
550831
155155
473221
394935
926591
053931
035947
544659
677755
855073
480644
179007
089537
537706
783716
394489
964408
727372
217710
750101
300033
153722
793018
481855
511307
552138
498678
199017
723617
452595
948709
364815
409781
420598
151401
617987
044299
860321
203788
790324
316132
285100
555294
164691
058009
804832
585520
730950
277142
666581
045380
553738
235882
275741
706853
934078
212192
133843
796131
627929
099668
546383
891632
811789
003368
921006
945009
679983
900342
115291
026176
590198
713234
798258
992379
284781
328696
672829
291759
801242
868996
713704
452000
214747
304634
864084
900660
691469
453808
112209
220417
406745
923355
436196
135432
138868
241999
158339
615768
999541
889932
662834
592461
678263
892357
075570
286995
128721
865502
637433
046684
365034
722776
952560
980329
218031
716778
780073
255264
968970
984814
684147
977123
966810
806738
470246
815883
961699
229095
170098
181590
380307
904327
698653
759543
641157
612092
118574
721321
405078
453634
811566
435317
660818
288224
678662
518025
647040
868665
742539
662296
171582
033875
907396
550938
618626
496732
705550
312068
621487
274532
479628
420553
142852
788873
586567
201283
039573
990308
