751320
009091
533852
230810
707381
800795
085551
245832
146570
291623
166920
026624
216788
100874
132509
879662
384528
871101
839973
097044
683416
561486
088145
445768
952833
757038
377919
084816
603334
769403
607652
724115
743931
775160
272790
428990
605395
972788
344556
278233
560656
584690
625710
221972
746241
086374
225169
666283
621135
798565
586901
454587
894969
171513
104619
522199
952224
194518
856556
460299
714441
604758
477894
496871
798008
155213
221838
154925
093367
499370
730282
166549
100614
327947
923996
997808
346487
446562
816767
622261
339446
126647
188027
230217
681458
012825
820458
354242
449946
173379
654202
422433
091112
581854
984172
834571
585677
913776
314955
843577
284928
359575
601754
083029
299937
568706
907938
359450
586338
211629
504100
761496
176749
034227
615223
200733
424264
136559
713383
218884
093851
163230
321500
047898
268495
938825
124825
910593
003214
326853
571723
882983
447907
650750
555743
738344
433243
685578
169096
241496
984434
139851
602262
866768
460433
554388
062792
878602
983521
857333
788424
563008
355749
390715
732840
112153
738430
289859
505532
537036
914666
032221
932245
702562
342217
796589
126766
026492
844289
944866
064679
894112
648003
925608
912660
103101
229148
519381
046032
775601
066334
597025
625635
913257
758115
161834
474316
815131
668779
874568
559994
844527
211215
504011
826124
100909
806323
106279
888066
814559
207261
075169
997773
251269
810406
253662
782883
759240
928709
616564
499009
222006
088118
360620
765111
117817
593369
723845
170512
212320
826696
384601
608749
126636
541528
711483
878194
015543
516553
892323
372897
696638
322741
224574
245999
463852
508936
593691
716050
140462
292054
040842
264180
313764
326696
192108
778051
915898
570217
540291
252282
795151
894557
107869
275718
563696
405751
035300
189516
967373
667539
255948
571535
926124
252828
328708
611835
503361
115752
933000
936333
189863
966141
940176
095701
297569
929072
996654
427098
788524
885858
945344
869755
709875
053942
187891
003023
360776
015100
334742
584894
128813
991683
562274
548340
025526
877426
928312
917429
749612
058936
177870
667783
886198
106552
467682
755915
400209
844085
241014
433396
772113
841540
988787
578017
564299
818315
563801
705990
068339
995567
180312
749186
469242
866404
181430
857286
010897
228490
718375
717720
865989
862459
143702
317584
686338
174759
700819
753548
211254
071622
741115
407075
427536
308840
727249
486878
920690
005310
429386
494029
004087
605098
416373
279672
070439
112946
859761
123210
757019
361451
112464
988290
403868
505323
406292
761272
665613
038290
170198
854383
859624
459884
551613
749708
097730
363765
299834
146829
796325
374256
454040
918230
538926
110313
538785
643677
332710
944819
601913
747398
421167
147343
181661
031003
869741
094677
627406
441168
875043
514115
820248
167628
109410
507532
416932
160291
227994
181431
568794
767875
774828
809071
204680
647928
881381
488904
782327
503982
150645
895185
252979
608900
148314
643225
385960
384945
165272
550382
540061
304569
505302
848376
097905
797710
127443
239079
411461
382883
071506
640316
273731
837142
049465
770284
772099
417553
497651
980948
534206
911276
491677
572031
550156
840651
897096
578751
438280
005873
957477
062725
755682
570566
636593
004983
132248
228443
096591
726591
184287
476308
319438
252401
626059
234948
645938
359566
984873
966311
203725
516528
337425
035584
577806
416095
714679
895969
725484
812577
767881
570006
342654
482811
051115
173051
993119
998686
002919
050015
816885
284855
248358
067862
698447
418460
210478
665221
381167
075109
174974
430197
727906
485713
739219
739453
110100
362111
930472
795377
588049
985189
604275
638441
651853
125633
076550
834339
631187
304875
639258
509606
649222
246156
370343
082396
814922
224477
383284
525844
827002
601761
091828
151490
332938
917228
451421
254479
707594
185522
490463
301627
799199
641729
303840
331530
433430
830483
574154
202946
095874
009573
137647
397056
010454
358430
798294
487705
182039
717618
583704
690410
162344
570497
804415
380021
580230
776806
077776
597914
140044
175547
707088
514072
490523
743798
759245
810039
768435
552192
250270
678797
451552
344482
160262
313713
921001
263460
113044
860130
415386
281005
262669
189562
814667
234285
860259
488265
878883
917198
064667
913999
448302
157363
737165
347518
851473
604382
903702
743430
671975
293865
765656
666797
307681
089645
917178
202574
234099
442261
298703
883128
042731
176589
199310
612906
783128
616639
940644
485879
628791
852435
713378
706930
021304
289688
846048
698038
619872
180692
527488
721433
663762
991891
997860
830438
910847
990879
406013
763189
148960
481378
569609
432840
995564
163445
264390
623569
092176
104405
507411
450751
236609
821391
382742
913726
328427
912551
408905
146060
715608
823159
885687
193927
379125
951785
110038
077899
858082
635355
513426
681675
969555
520654
668728
615805
298846
152221
259050
730135
932471
583892
276693
700343
452436
794761
101830
062615
964388
609028
468094
329739
674715
458689
389922
149491
692582
865500
852807
102875
750618
582765
816421
893789
995782
821819
222550
516065
550986
180382
616537
374879
743184
780758
079149
835938
446628
344095
503021
941596
444028
711723
123258
033227
956423
697817
372675
084352
857620
214219
318654
520044
009145
385601
396959
186529
698897
971390
442448
987477
819950
171709
635240
802402
789618
947441
301621
426411
788304
515681
791379
577630
925677
858711
198706
663591
608188
762921
987644
661727
924376
993858
262475
879293
075393
875769
394233
143025
726301
337864
305798
835581
034263
390882
278080
537373
565379
071403
989285
831367
784035
182892
673625
919227
653089
266204
876442
181099
487010
166239
738649
000071
216542
075362
069261
124832
733192
546716
319392
931376
638699
333124
258780
022966
313403
613955
347578
530953
030950
826382
355042
785455
280329
045200
714265
721434
043958
657527
130004
053188
367943
851589
828937
664485
842485
365480
512998
480725
234498
455024
939239
413956
249572
068198
377069
804502
617642
583577
949543
461886
022684
616942
234109
563216
998028
049828
972559
595240
771282
372751
288120
372551
639400
601717
286396
745482
246910
105130
063909
424860
554175
754514
514610
626083
068442
682277
490128
553544
831960
954201
223058
850809
550807
197943
166638
562054
649056
637859
930403
410270
394638
130377
433227
736095
262536
260742
056877
095088
233264
686225
975000
522391
179732
125630
612200
094850
073300
364013
203754
749371
936199
948805
669850
144562
942882
329289
869986
570958
765078
347181
525216
299542
416104
944956
132404
550332
194334
276558
666355
910929
047575
213185
033725
138456
319575
124672
531851
475536
141187
381621
394296
049415
803566
011970
267856
346291
026975
589836
797666
482616
690801
529547
296453
854921
063169
418047
239267
630448
837746
425897
101177
157596
570983
559327
907025
094692
860101
629723
965134
310905
088359
967196
084780
643614
122175
588305
979088
352564
705831
917460
792029
868295
152966
567154
455219
608844
284116
433257
096490
298632
433504
