915074
989588
722768
386486
050541
710726
995996
973301
579310
361073
548638
898398
319007
968252
952761
269901
336397
649374
694589
551271
400613
845241
526956
241541
351229
387878
581918
179680
649418
441137
202184
737351
349996
076790
419313
219512
701690
339081
148176
296206
984932
980253
035150
733672
783939
799127
803680
907020
376723
243233
405777
698914
689636
112841
834429
112408
113979
313457
722501
562092
360495
048524
168087
415100
499981
542664
926491
112674
862695
558991
667086
312777
748864
520786
320827
387482
726927
246472
781573
964209
922441
498418
975735
793200
269230
333536
992739
053661
802796
651470
173259
323051
739075
160670
837875
241353
804116
557965
936108
577466
708918
087496
654931
924412
649620
827101
525844
529600
755051
191574
425506
564771
600454
564111
158662
267968
060454
755640
543190
258368
062860
533511
207548
797292
420415
125501
112104
900725
454082
994888
817607
171358
905978
131013
640485
709068
712803
427006
801742
358952
835577
507229
361065
445640
115497
453153
433141
586863
613020
004028
376047
528017
579992
642494
916922
856424
565584
811647
913090
416040
378528
117149
143778
978299
996849
060054
350221
005586
527570
849689
296276
533394
597945
695322
473311
050735
769756
074800
736861
733456
686282
661665
685614
657112
898606
337924
539640
519741
608353
637569
561789
582404
717863
582978
179725
510798
621344
455512
433269
928627
376295
248926
141845
157827
702903
000673
731726
351730
078963
461010
816011
943101
075349
376988
319876
585058
929924
809834
576922
672765
960117
714939
970974
077507
954856
554190
272291
506407
424117
528726
952455
220346
255467
912011
978465
035345
410364
246338
792283
567813
525539
012037
987607
671090
712769
322084
066568
029905
003690
462363
480933
233901
497370
225480
595997
866354
482277
234956
033795
836304
625349
200518
358381
910542
157433
393818
058739
911031
969469
023578
333735
667821
821340
215435
249607
561468
198948
275839
019767
918647
139167
100498
097524
820578
427646
543324
304977
601952
906185
369206
465260
949119
340711
655459
124911
774388
432667
331339
017622
179134
223870
127497
236909
027384
685108
705742
793851
095281
466949
071323
498953
464630
768680
199672
321490
817345
976671
224622
576826
926811
715459
511273
079147
197274
572853
824635
721517
714450
547927
640954
566576
739065
216484
951073
872025
180436
273930
454071
404866
967387
959560
915382
319184
035737
445796
607401
199768
961443
872500
381611
969192
258115
413861
223202
251565
955589
728779
750684
731005
662056
266798
620241
077271
279356
264177
342031
566763
409948
808462
462850
814613
577854
871247
499863
466161
920270
320105
408422
700958
765586
582348
856861
495865
208933
390419
266394
833917
821732
656376
434693
798552
030061
581902
777524
055369
231348
354044
197107
737185
246448
248148
048668
014722
011816
766489
064608
138284
966734
221930
514372
653980
508671
648774
258889
077188
032567
018319
728390
852168
346618
058019
749522
871004
205822
801935
443855
441780
323337
283384
755682
493379
081350
403049
620395
844970
661137
010811
637801
084477
110991
353125
947986
712749
092432
981852
171833
653243
686027
275059
731168
777870
655292
718651
871676
540519
832962
472270
415310
866679
815265
093687
127216
154321
729056
693875
313054
378050
930311
895627
447873
341881
603114
757873
499349
225346
617192
009163
104796
492078
862807
913092
448910
690020
793802
622383
374538
214679
445452
444791
249672
450124
145409
131278
153134
634911
955242
337184
131349
463111
215485
818231
103473
983560
320966
534635
764643
290186
028814
740924
687007
365253
154727
508712
814969
751872
844194
259667
213028
994144
826174
515681
536243
373471
265474
690126
202974
809665
164621
313373
201936
708628
649916
721861
517162
659566
550620
357902
416870
994986
051442
893117
352121
758979
069046
233437
181458
900265
871570
093639
162246
706827
683955
307218
629934
061673
637868
325336
635416
961245
871065
490524
269112
452230
021402
225131
216809
685410
042117
300116
701090
604348
263010
735942
360823
208274
040146
077310
124260
109210
881939
034115
363458
930922
829528
701880
557678
277045
268247
531756
051411
013974
181013
762546
055642
715734
903979
511993
167255
394614
150863
288027
652939
499422
670955
798154
709659
644077
899320
952321
320745
881564
388004
153083
079928
297175
185938
599857
473567
954396
772437
237410
149224
751442
499344
221985
209881
244186
020968
029867
439618
997237
795321
016271
899484
276458
382165
446451
465942
468431
132847
432975
595498
737337
542311
821978
247628
861976
776226
724572
100233
800665
056997
092040
545345
929425
560841
989967
127553
823155
255756
567606
639751
462662
293586
589968
427410
263154
497379
947872
940593
143722
964719
285525
097984
387311
107325
755693
247066
937147
304930
033050
051047
452803
228557
634881
849799
394664
248310
147476
203622
102115
139096
712626
499683
355420
806027
835063
130234
785965
792692
967536
296454
711791
025064
283899
918250
718867
632400
298865
484754
382420
867588
303474
537733
356388
664531
243577
537536
427640
608109
530928
295355
126861
608894
716011
765792
711042
901878
252200
491246
560583
913282
984730
137787
620116
442436
370476
778788
461439
851727
996520
369001
577913
136076
418664
898716
972860
651104
468584
380018
091493
640412
326182
308238
399917
579022
780157
747588
949300
985070
927679
147973
142182
334920
862912
693010
128616
213843
738002
258491
633103
884493
330729
261587
356633
165082
199230
565701
779409
376590
820662
955459
186878
620251
220132
798718
247984
624382
650911
760289
886853
160076
237978
174070
169864
894629
064373
608715
943952
609694
147439
846756
878206
184777
780216
504477
505561
940138
141350
879086
928413
598048
804731
045988
446789
298763
678760
964485
926456
900681
113340
797734
987332
511182
002622
414795
657927
360538
236259
060589
178759
556760
472608
827809
362198
070700
776358
073411
890653
581432
480200
552574
070696
184382
860560
604343
901171
550119
911249
502072
896650
271680
241603
997348
338444
670122
947553
250155
338285
203819
206911
974257
657807
830054
879423
775112
806905
256304
897304
756976
508454
409732
612452
907971
999153
616694
751969
214487
335540
803056
280532
852508
566379
461199
259961
197832
078323
808044
337818
007709
079252
513438
685152
375130
931996
613375
932226
244033
187837
103873
760000
566754
634723
272957
307889
436501
248090
529874
443623
809984
021661
266038
684470
174079
897079
704383
084079
659166
555787
237454
695806
146218
045524
626090
301392
301826
203971
247954
311978
949993
665148
753543
058829
327024
882536
324754
428237
942471
142174
740484
234444
922381
450745
553116
910697
920304
701327
462083
708899
660039
081973
789651
206530
971293
168550
523398
646272
338745
648937
388136
951413
817586
189268
244412
321031
953450
710481
054004
133986
801817
523203
971323
857531
379729
319886
383921
221395
983014
700211
643225
479738
751307
625731
548689
143085
513203
227111
029911
944425
943461
591904
717927
453843
267232
127409
112130
559740
051993
585198
048771
