193143
810066
182782
467194
892213
533492
142463
868914
909878
304279
083368
046167
964992
768603
160455
021915
807835
139990
653512
814575
672856
404631
099428
350422
110603
673108
013385
130989
371778
089166
872078
777708
868655
366617
487516
385587
550457
016201
975638
729152
390923
530604
305275
684404
924513
750590
204575
463777
264199
550141
172815
878367
830709
848351
537907
101717
161597
969782
625338
511283
788300
793009
703370
531196
661961
242128
151115
534884
701071
911238
346730
414370
642775
525479
089514
672055
493128
897545
166230
203861
060919
114716
012412
527560
300961
218178
508944
464311
215317
908225
674919
464791
946942
474706
203676
116471
324684
940710
965397
740918
805385
469773
450170
306133
345516
311929
589966
372272
205915
190862
352728
899830
036228
275435
833043
338834
409188
030705
569137
210894
687139
292167
018705
401188
588511
593178
676382
729188
670357
972456
250052
193395
329970
716005
560208
953829
966092
216290
250069
017750
055591
239575
232600
473146
743948
932197
246969
244450
409045
024031
732860
328494
819260
417045
729114
439523
211533
484926
067525
503911
246676
013312
964572
352372
909990
217871
300270
779420
878414
803153
599545
515026
250970
760167
841817
157581
042765
691587
714086
617945
930735
759075
915424
930540
640026
163542
155750
525240
516877
648840
165638
564741
147048
120503
993366
261590
386434
611260
594451
658801
750500
251676
324830
904799
477977
192587
692339
989398
758063
289056
035986
128251
197982
561264
890965
706268
615293
916674
783288
985809
338864
682125
490277
827951
417625
473189
647827
597826
882584
735710
947355
571506
640272
957131
320154
056115
478532
058532
778760
871503
372697
293248
506096
664929
964142
947483
712829
379959
399381
685223
326772
960932
753748
589972
331507
997986
685128
969849
010053
059201
754833
915995
590764
781073
471241
938176
171075
806115
076419
619232
619107
892434
566173
185532
890899
898795
257211
001673
770271
019449
692019
957877
062874
985628
077901
402641
106789
070150
593480
047229
490337
696173
140679
370892
469979
182734
351637
273636
190717
434096
998347
010677
448429
742050
182253
806935
832615
809821
635808
941037
635127
124437
676451
996296
397369
898054
402921
772866
727199
971865
898377
774837
598674
556941
780865
996260
793037
623648
019923
267016
617431
932082
477879
336784
568448
034963
605325
285103
146492
193183
080852
854185
717502
538776
161689
581521
380712
787270
445547
995511
343456
889984
378036
820454
138463
972200
431658
294679
937707
621714
169040
588318
676146
540265
221041
246585
152817
168791
332729
115411
281397
176991
211998
436627
857530
502770
536779
494888
227679
328647
750947
508563
166373
551311
269729
836500
636470
146157
412148
149911
789435
693053
932867
939142
139095
586930
670436
756717
356068
648883
329913
888828
160132
734915
756353
466838
622126
827814
649764
228542
780295
759542
192961
720793
081784
539827
941987
661381
205307
645895
710787
618777
625658
394665
266550
832345
626362
152151
948173
009167
419346
857687
471173
770178
929948
888307
015361
505733
531669
559536
578782
538547
248819
482668
038104
665729
313568
073675
596789
384483
923445
254739
724216
714614
588122
920145
241960
214181
120894
204186
595187
915391
516191
367845
877859
143107
826992
849517
338901
064547
945429
169337
237413
947217
960645
658656
007489
035250
553664
078468
038826
615677
589993
264437
314972
930024
545877
613444
823392
677336
051273
421206
953894
334390
600310
838723
104451
431926
617213
632288
943634
315512
966039
826342
534805
644788
504364
313854
379508
582855
287902
005802
997911
119059
997909
952524
985006
298143
104333
754000
525506
786125
261641
113660
401818
684560
629730
678470
572571
432959
432662
025419
767103
040182
615486
768559
141319
636775
418974
855619
662017
453426
652400
861529
640464
038431
593610
229717
106365
943686
781825
955616
620842
997418
204781
323219
911993
646437
239081
270543
961864
366985
065058
678988
956912
701537
502452
618728
285631
216754
416211
857725
999113
611083
349082
677044
596148
385495
281835
138424
291557
990297
291456
233011
622882
450529
124856
725778
635935
148100
027100
661928
637589
581793
996829
534294
493979
227361
488402
855484
134189
092941
742703
192414
329544
221477
115007
333123
157343
206634
915187
626805
458291
234966
828752
430855
168226
782086
980708
270784
866855
262646
588454
066365
215165
371179
297560
031870
349933
139948
810285
040591
742111
987515
183908
642289
375565
175544
984723
108391
183348
109752
184282
057144
905291
632061
347902
209938
104150
325804
615788
714396
679002
220841
468581
371532
781972
494478
188548
702950
345282
099795
654551
931013
826233
641876
650916
551406
964746
486396
212637
923719
654604
488501
063430
071841
971467
547718
001553
622758
513572
496832
570326
177324
980361
023900
751740
316040
978519
707650
860754
859142
818333
257509
105217
063548
422764
637887
519218
625559
350344
221608
359914
633292
559146
631001
705993
513707
186235
462227
497144
730420
810104
529683
823425
367273
304989
717236
648866
226996
373869
492195
217181
102049
929016
636943
770068
581221
461892
221155
610293
932753
997102
690465
014930
502470
472500
023338
303886
470582
816500
414977
433782
035625
458882
416690
989160
877206
195740
136819
066819
771004
025525
822035
165070
044844
262611
651900
900343
268238
945314
992363
327646
268790
335991
114930
147830
129625
908307
243780
256384
438174
412748
072507
256809
227900
892777
815532
100360
560880
656027
601583
723258
741581
021058
290218
416705
869935
249910
057159
628025
692695
041638
807832
492086
641569
530536
906799
904295
363076
048864
740814
318176
429296
676387
468787
454122
391988
291666
805885
482592
602162
801089
379611
490862
713334
000099
553669
856492
949739
660956
837498
482241
244285
003217
668084
697026
112284
272765
311469
547826
951517
080283
470265
166035
486054
148770
263924
654188
220482
075865
852823
550592
622564
080401
228125
418686
826784
326015
610689
935095
389894
998097
172254
094060
015482
965797
391568
529533
006619
958559
596390
575613
688070
552271
940449
516583
695657
651131
096328
167407
045821
610994
177140
592984
357942
216186
205195
145850
760901
669022
699303
152974
348794
975004
893011
198919
254092
964934
879926
966944
949470
213123
631598
706534
769199
819875
728241
942723
730525
470326
962330
646876
344014
653817
011347
634482
784563
653075
675902
461642
715089
613166
084121
714510
653621
048727
036941
434999
424780
209048
180850
356813
793177
717799
284288
459856
363728
411241
463466
332050
634005
534076
915290
918728
664217
202846
061355
487176
399183
097212
012826
013048
921328
331638
651610
627575
416920
434383
553863
858698
117294
283846
167643
378456
617760
292561
778288
469074
932700
731355
789684
702319
330170
855789
226665
695756
072244
603966
268679
578944
250617
567741
171568
274210
901026
715712
035946
689933
375651
234328
936485
010179
917234
445928
726467
933730
392232
454783
058493
085044
951020
176784
229575
559545
144110
974942
886171
026486
472342
