834700
387483
049085
578742
337886
609876
766102
100854
671931
847231
317277
075880
121828
016153
591761
153876
176434
421825
588506
448200
956751
760603
553645
548689
703381
546290
647801
118829
451738
164964
635524
471812
711419
442866
416166
855279
260388
114858
787921
600775
076624
334664
129569
898798
256144
581555
731076
493514
505221
488676
299411
835901
608313
035074
808311
083862
958588
066597
731993
789546
170165
244277
140089
141502
295065
326287
400944
034629
142200
073818
720496
718701
263355
717010
376067
367845
659019
950308
533799
466602
663263
421705
321918
360750
937255
311822
829674
299623
286517
656188
843251
722893
848108
859355
991484
868223
149309
239258
192417
497381
721158
308878
584042
499194
673317
063393
603578
135302
783112
758064
995246
190384
648220
985703
164593
529566
905356
252576
297996
829697
076748
591589
794565
280457
784798
242516
110569
173869
174250
046339
278509
360642
346457
898640
946863
710196
287894
993461
608256
983661
593506
560186
779552
416492
891491
287418
224958
988273
129763
567308
910585
409119
826427
318717
130991
910265
460428
268040
390989
198434
318843
589393
825446
237122
766336
648480
173319
274942
140064
595620
857065
521956
481174
126060
558914
512309
031314
781174
991838
532959
585349
104207
777476
331488
386248
047555
274200
810030
129900
508311
131948
969654
230940
462115
137660
629883
090970
313672
468254
633472
750163
416542
124527
978073
224485
247355
500139
354979
339378
948453
351081
845919
326352
230799
783552
568697
861107
964681
372261
598468
080193
873938
043880
881008
700343
002474
763536
990789
127794
175724
244990
073285
928661
819737
386726
065366
212023
619060
643584
778996
317556
800705
240166
200780
844638
329215
348661
748214
217163
400040
106732
270094
176154
549813
362677
935353
612306
050301
847952
532976
090588
528879
930251
563762
672484
533962
759010
773912
118241
695323
012701
351091
732732
860585
542372
661820
943370
264491
776989
493476
804469
849682
369908
410390
115563
210000
350614
484515
185705
046107
699755
812056
321868
979616
695664
468710
991250
052414
080076
203659
364029
892628
289027
469664
341144
932705
879695
067435
196852
832539
302062
408858
170642
534081
119259
063773
019545
702759
485567
013342
313303
444971
524798
068694
266796
692340
262691
554153
615145
463164
355590
699306
057474
342104
625695
739059
898756
364771
171887
338802
969745
874651
955848
828471
033675
192284
765144
762527
137857
312711
767165
622975
358526
561091
670102
504445
045791
588881
915748
434158
764148
423884
911612
877360
695067
423431
586941
167249
974275
818513
106161
666943
853395
461669
897294
132945
752561
767668
302650
058957
385058
743930
960448
612291
882851
564009
975196
419597
629686
600998
363019
815915
876099
287548
303324
676991
409734
917257
702299
803308
026909
018627
735731
754989
519602
657577
795317
085988
352959
082721
620961
580943
080138
614440
332096
805726
170951
080829
326352
754490
390869
970500
227356
960020
138785
314263
633838
671695
957012
755445
198875
168798
728825
156344
507148
187632
191205
885739
994072
736334
438657
791093
493421
834540
577023
534422
488471
514953
122051
049832
182843
005781
062340
554754
449683
530943
840568
961727
134447
912926
644169
787295
060448
152435
996298
770562
929799
176533
760492
471116
616411
354428
535396
375109
468013
215426
633598
860841
409196
774837
571524
173946
164408
341034
025986
629744
794538
892178
276810
694240
681975
377610
605486
245753
676796
619406
903369
221424
286355
892834
918650
629737
391901
976229
271701
380118
644886
231566
795721
916875
797923
189761
926576
686922
586420
740966
051922
880486
635624
845730
296207
633541
011261
061986
193784
692945
137950
991234
219029
934940
218235
192159
288436
991332
500057
446467
474310
460524
475283
535261
242517
487686
632877
814928
216143
492290
090047
795501
280894
919145
049151
328825
049031
013662
037765
112300
004601
195351
219755
297408
802635
948366
153593
274378
383085
632322
347367
533306
684498
356767
831241
036791
678618
891065
522410
690262
042359
875551
167427
007637
117577
247932
233160
849453
870876
136795
902573
658424
353465
465019
004175
222999
082368
013525
809464
791228
983395
309585
694339
357518
920296
870052
377389
850133
016964
030754
081449
775978
872571
503615
583929
517968
434254
926419
078600
115608
839990
489133
946274
705002
715066
755093
104523
059460
520390
238469
242706
251103
762339
495545
101161
911433
623064
744509
031236
277583
345890
605401
674851
917632
641088
253529
317846
072596
711401
733292
839638
420948
716900
642133
712674
860712
162269
709719
556644
655447
882446
099629
177287
744491
033953
315780
642674
890683
721431
945732
143633
242302
896823
139430
284864
797562
768866
348972
308063
709423
264681
875058
942556
929694
912184
492624
540706
545370
908961
653120
118415
639823
623721
527928
162995
590433
373692
894910
665708
455779
048779
491022
553068
939662
394059
866764
678058
416227
525315
234951
719849
647771
069563
355954
367678
570244
676782
228959
556077
071285
684374
060323
473864
026252
872156
816701
930687
353009
815986
250442
860748
260558
029260
434854
659691
200443
420157
646981
890109
621224
008981
161611
414282
433092
761593
123058
629233
644524
382900
392391
775193
916307
874846
018934
553313
209083
385691
955321
475434
944998
321702
798389
651905
683490
837467
224097
501649
201262
567703
455658
880912
211923
350782
337482
336910
073494
246757
471292
393862
131116
079775
957466
324643
270117
594983
250845
265750
572411
885644
973630
994393
395623
670729
243596
809385
737056
395200
082204
537006
524133
619756
280115
234337
815914
796091
306494
245633
529881
837059
036425
331619
367306
916238
931194
301163
209090
164222
471194
813335
185912
645024
983667
056972
332709
659105
738848
952969
528089
910885
633825
180330
188084
086750
385883
603902
374406
536316
562801
035585
443058
403565
785760
057513
213687
820259
296659
607245
702532
998077
358920
599561
986722
560168
955460
764945
348608
240772
101951
917201
298469
258137
196935
262342
133412
046724
855587
598930
562746
916107
455610
975160
529876
820868
109342
108914
612144
584582
960179
966634
684677
236488
486378
301705
299267
580819
099867
006712
739935
489940
432819
001202
048389
976007
680465
738946
322437
135486
842243
382796
503392
423307
294269
347839
473590
865449
314005
000038
708787
540743
580966
633544
420156
196084
484017
754079
611661
309257
972482
665675
041429
748263
821062
759311
845985
212524
913352
965051
744621
854286
321313
638464
469864
531283
677707
965437
713184
463750
833736
559622
462727
687288
388956
739774
976719
859757
707955
634482
881748
505089
388343
649213
578145
049775
417721
599024
581998
295986
659638
884830
552293
193813
168135
146578
174849
498833
619679
744791
367183
791617
609017
092587
967842
318978
061312
609847
166866
207572
356673
603180
029495
648492
277225
709183
735005
870795
335121
030510
124995
574857
127528
144724
863623
924550
947933
930782
387778
208563
624699
638949
066265
986430
777856
072255
664344
