041504
805971
490781
668558
356189
444657
379523
917493
398405
021434
004940
188286
513382
938017
027257
750856
359492
163246
658079
398512
159513
701589
482693
502640
173734
763653
497029
087326
059523
171838
346309
969832
294252
182357
342740
648322
260947
812614
997328
112530
413418
017487
082140
731972
280997
459323
447649
377050
235558
437562
462839
495464
249718
250046
026831
047484
678712
746711
259018
992382
866251
113570
283047
412535
568085
538768
734482
218611
305717
054260
382256
150617
938471
048003
589852
442305
725729
073907
109901
133944
698180
573754
589622
440546
199963
845780
287126
500158
492739
302526
457600
753833
351504
749111
453422
059501
548729
960439
730915
204262
626522
910893
665566
427624
078339
366257
548565
078310
208392
961323
115423
092089
462934
186245
765086
393249
744095
909975
383272
288214
274596
489208
874373
883362
377024
487445
734643
043570
566510
630032
958351
069325
005529
785511
640333
693725
522705
124870
455578
683707
634640
661594
696081
043774
601163
550966
470305
927551
592374
938127
399644
142518
055590
639375
056865
160300
558534
501786
694655
113760
314342
415583
614539
295603
607436
970141
645282
628296
479233
439443
344650
823400
935202
378475
591703
714043
031787
995718
202257
279217
070653
962471
339698
008786
056474
311859
351538
103579
757949
308208
388116
709779
177992
450583
906963
986375
715486
084747
080059
954045
675147
039930
731202
715550
309321
045281
219467
153825
560013
760940
611915
221429
802973
885507
538300
724445
512402
683358
095952
441638
658350
633045
898499
498448
443701
685036
134420
340141
117484
240122
394608
227668
003527
120444
803973
675312
450019
311043
862906
367399
282558
365782
338492
070258
914612
923161
062624
200108
607835
872720
230041
233982
280852
629777
899759
286546
848280
345569
967534
598655
160825
564830
090361
090776
106124
771179
950269
737839
069686
957739
761432
655330
737497
903266
706463
339445
795843
531150
873647
441524
423769
388905
725814
949501
680965
682980
678031
842691
537936
713914
179888
265289
322170
191164
171565
590907
035291
531052
285623
190530
396945
584713
525549
702962
667034
714288
993263
832114
556288
132260
825023
757494
149844
048377
975713
804009
752180
807508
101160
995197
282647
781870
482125
782335
254438
473239
031999
862290
972737
310182
676270
774801
681613
483020
615268
365755
450799
251585
070859
554632
127796
102180
384652
184424
853210
472991
832216
599423
041439
793432
813278
839677
293995
236697
008458
071831
056739
998491
618965
153194
097233
087265
956090
720792
033275
584623
121666
004315
694097
367492
043329
805331
827955
779351
535796
116322
835039
764089
167313
276440
035742
664696
706741
561633
942516
453675
428176
218192
227197
737062
176605
113787
684638
563409
167542
286432
388912
461540
435441
656784
720437
295449
565645
995201
779308
002578
645824
394070
082823
829895
883475
839398
079929
904554
009859
698252
602048
678164
010189
371542
396823
638111
920746
751745
979135
443757
147835
897150
635529
157176
629656
654386
195177
094565
933797
132723
968450
160495
317150
480567
226881
703823
834022
938635
532194
209577
156265
974965
723143
463163
895319
995165
142902
088857
841303
320373
067648
339055
719356
426717
630140
006444
386111
753475
821596
655656
457965
147411
420027
610977
331322
615978
912427
296181
565120
397818
752869
034672
026963
863570
753415
906526
778747
262537
941609
343859
131447
266405
271881
504583
715176
674569
320119
011017
001270
008254
573297
204971
052628
597885
072171
874198
887323
884025
127157
288711
204586
535555
582976
973596
246971
335394
671528
699129
688629
364316
679442
795951
025481
918187
693125
571120
864968
854064
671349
894671
707210
196358
537371
053188
283726
740787
129232
839925
804011
034105
399055
004313
503991
151663
918921
305162
666183
728817
958693
446242
853296
085747
298094
743951
442191
303791
174579
057613
045480
019568
768906
061793
466270
554379
327284
588169
824452
969903
979269
284197
005589
485123
380992
710692
171484
123874
382870
470929
454295
320518
305543
502475
973986
257770
555649
268963
403322
009028
660906
868341
472681
262711
368516
728884
728909
197505
109890
779380
975774
168705
140564
596590
008197
904151
708103
069187
851702
730822
320073
142178
476125
608594
031097
568734
324564
749458
433462
624427
711809
796607
546282
258777
470816
908050
138051
023854
083823
079144
548332
614767
907187
826968
067361
049626
561130
962311
107032
625846
774950
736779
218404
093331
240627
736266
590528
527455
613308
080442
048981
498032
850333
127760
921639
187843
089036
440100
278894
684552
799151
979168
550061
394655
693319
375814
484816
183706
047184
078167
154668
742156
080256
499929
179206
113484
028856
318313
152319
878854
865010
109642
216281
722535
581902
027277
220590
787961
534184
163504
958794
410434
794800
036921
932964
974133
025958
135038
895572
189074
781812
401450
197116
848730
311379
777341
292624
241183
228965
624294
715627
118349
881193
161333
475137
270248
356593
027527
024443
583863
220560
379751
021360
168271
182414
498288
123109
258141
185802
857002
271511
507138
095066
403710
646218
810369
807844
370864
513868
105620
140816
384771
991507
784346
765006
905573
785339
939657
518119
965314
638365
334742
828248
588992
887204
259137
980462
327238
957736
673098
485101
707084
376133
478407
235274
083634
279621
128733
406687
488881
894154
101826
986047
681063
067181
630133
433011
043030
363815
664483
899222
155380
705971
202830
157853
909906
200872
442753
133642
222225
872389
148394
075017
737634
150256
138970
659463
933672
932392
103921
514703
894636
922110
732764
383785
099678
780040
597978
006348
114224
563478
261274
650706
754284
802013
278099
727562
480022
610428
586693
869467
042603
104801
142188
597965
122116
050533
508923
356575
555295
543342
964269
635244
016408
226753
927437
010226
748260
472226
645546
150347
309810
384525
746956
377361
891106
532940
220286
271544
824274
221758
086311
147636
322242
794091
934523
001458
432117
990367
438120
050941
806848
678574
613732
918798
456311
090417
815028
676649
653844
608343
713914
225107
893014
562136
651057
934426
820285
266963
953034
794633
025327
000637
109093
111007
551364
205214
849353
153483
739513
197089
339482
802205
545187
167287
941430
996198
099619
206453
887489
041695
112401
822942
014154
481347
660200
515813
254677
456678
455663
478405
586054
777869
018896
983686
016056
717019
356120
523794
259769
074792
068766
495239
169017
666851
971273
757609
954061
115362
491362
859951
635665
664244
527594
561551
578058
548820
100478
544804
931860
324335
051035
072683
242051
857164
901737
499366
603378
763786
222059
469957
082602
264545
547347
341199
106827
184511
389017
999504
370356
729652
600390
295959
664005
245339
235394
742339
668556
384776
000630
684515
896387
051581
093090
008641
565736
447612
316038
918184
330379
050256
655169
248144
428247
021627
894566
510573
246076
220819
035388
868730
245040
934534
939374
664623
153719
962544
068757
866364
902683
953628
973134
724305
584012
717553
292015
