518941
505712
385584
313201
105570
474189
074773
912364
694513
018936
918041
191998
988187
426728
010694
569578
978245
259459
541223
276677
484866
996979
459937
118830
896611
059662
811195
290733
970638
961323
048197
085457
964543
743994
565715
824094
927114
290339
786639
246107
647715
460787
265010
507655
603368
807160
856579
755526
598829
251507
265462
612781
570697
852800
156396
572377
613579
831821
423025
924625
436538
611839
155472
132774
579780
410397
651463
797379
527745
595968
624774
666386
409225
597976
532653
726444
456435
897226
726153
984401
509146
690735
153730
140063
869215
152208
077992
334710
572371
317791
761335
466278
808676
127616
866212
959541
140277
843119
060780
590186
465384
400887
818135
102736
883054
729856
971078
758711
775298
806502
498150
755360
639402
341535
338263
556892
229377
221433
218840
853134
442329
081776
697505
192358
490337
104729
569947
456099
351079
694379
248771
140815
502965
586296
548923
993656
516280
927316
052894
160312
974996
497045
817295
992259
833604
271737
320100
841753
538030
433527
743406
367382
776534
956268
223275
030137
987972
814568
270201
330829
978985
766289
940509
376007
286341
482392
533813
084626
729119
206668
823259
281818
089862
136086
585367
209506
234216
151410
446371
350477
046860
064515
719651
267028
214866
356111
729746
459805
726400
916325
638174
361768
782593
161185
047187
645724
747167
470904
627737
039381
016373
692395
767091
595304
914989
491932
036389
135779
418446
814314
205870
141260
606683
552047
319002
601155
853377
345673
038579
743063
351613
702947
647262
977073
680353
386281
050829
827988
658035
817296
154409
179116
729541
421010
051174
334903
584953
258290
975379
770492
642256
035479
049671
738306
093061
301578
448154
471754
998629
621617
505082
678648
302070
326673
547860
833801
244126
851863
266329
087371
793724
583688
696258
575145
635145
688650
790022
405521
004786
176098
313732
594500
457119
308980
677180
020817
801997
899076
413221
093998
217926
490190
043527
440238
328897
088767
560118
794909
246553
975320
753432
556020
665949
223643
218146
625298
851530
876339
562814
855753
161972
227564
679313
156582
988478
481295
170054
807064
145365
231204
517217
071304
817532
884435
610625
065742
170870
853619
898531
506119
770855
317393
710543
574083
019126
732038
325014
402014
467711
592304
175618
868107
989836
955413
146872
968565
639201
659297
398327
626360
379902
096223
005088
867371
528906
642121
305084
626259
272644
783176
929046
142222
332631
694738
557929
347446
130692
921428
369691
301580
827627
590429
834398
733408
494629
757541
889469
474106
424746
299854
864240
224452
599964
315135
623759
361269
785447
593976
431949
212553
662656
711835
685831
943318
275977
307922
002315
240821
976722
743004
826166
657388
853339
234682
007281
759343
275997
014409
066877
867839
640599
163633
564787
416213
951962
421812
953507
639805
539328
339582
915789
416574
965721
670748
832621
881172
979439
710163
776834
277575
215862
878927
032341
987733
867282
637069
537261
112507
060633
567224
299833
919006
090632
278893
936321
049158
069397
885746
678406
130505
000393
468557
554971
071214
521256
127963
465178
734081
168228
777941
428584
672559
962527
217330
771151
645030
093117
644525
363269
101315
821316
949095
745303
693040
222029
873039
343509
632889
075191
171164
906436
008174
423020
157748
969844
941221
787444
785324
720718
589731
746311
369093
363029
372683
776688
612410
650137
378688
541770
726692
083002
807714
003172
690440
161789
066467
827988
061947
973431
440641
483197
293392
092089
873595
026676
972030
054912
857612
137362
065073
573275
520548
646439
474923
914220
935060
785166
951752
698746
947645
557423
656996
362074
594840
647403
521709
865755
074072
815249
550617
265344
850276
296692
325870
817034
613491
373583
431453
675688
371130
756983
797201
963416
426391
627152
468646
806184
638852
270851
777074
342585
447395
458483
758530
740048
570990
834025
888854
569791
717346
786713
970842
650011
109833
699516
119780
346282
565407
897879
173713
857742
621950
096114
328894
199022
698275
980663
237408
540861
083077
529878
328816
630082
894750
187984
634405
452345
359088
271166
565508
631039
898147
963328
742489
819693
603121
786295
125922
070670
465420
456183
169827
064306
182200
789789
633917
926855
368977
512489
805119
780685
409412
384697
969651
903406
162723
555001
887426
950689
002989
425945
953825
187024
242913
377513
402096
368979
038672
857764
734941
759477
575541
679585
581419
931863
330489
023762
379293
211610
534833
336223
687094
440736
390980
703445
222802
457643
196757
047200
486872
201799
069849
458513
178225
339874
594125
668627
308965
972918
799295
841307
923645
680939
236194
577754
223722
773646
170252
512561
446276
407329
153969
841461
047595
739294
979667
772020
231895
404312
351224
772655
703624
952391
604687
600521
736740
106720
735832
284835
516572
647313
750121
817052
695010
624067
634204
331486
045807
616422
136643
663213
223858
029216
080775
423324
679655
504351
055247
837630
769774
632997
392876
933122
918170
853568
271770
061282
305509
103059
546686
754952
235602
926784
201617
919883
464317
725673
072682
334115
003553
962502
217955
724823
164613
740753
935724
310166
321591
491101
451216
901995
397522
184415
474901
699084
491450
128905
437721
660627
702181
024898
591509
097963
269124
807775
375375
622254
083865
899912
370702
867371
252493
572403
835204
518491
264285
630011
424452
142662
642398
189593
011646
421426
297259
140020
104896
335903
844542
172082
901999
878821
618232
507351
638273
014500
742276
355216
392467
636533
083656
681183
281671
150253
882493
891614
230571
245095
804842
709573
570777
019076
814330
366208
029839
666597
239949
307169
391914
936102
974164
097109
126334
085899
141455
223261
786080
537641
112748
104315
041098
257041
875594
727345
573503
295804
461079
946630
944835
823286
414495
822653
420114
938926
167042
367468
445765
871289
052891
480029
233641
927081
851399
282211
961396
343246
057183
889732
403231
078288
122071
465417
744343
651545
739905
764169
114054
696578
904332
365814
662510
117913
514339
154028
366704
847793
829485
123783
653853
593871
064190
529088
648172
780009
723800
812405
784543
853554
672775
819528
533933
151954
371342
245034
230330
346389
785499
983283
980725
560823
127346
918010
013875
572686
014469
469472
734670
023062
634599
724540
672320
021116
257623
876224
031689
342011
495116
854047
079832
101240
150023
761770
437399
096950
012537
786500
403173
063731
784048
432337
265118
224901
822383
546129
096010
918135
739446
214716
192556
877462
289969
704823
652630
262792
486494
403886
371441
882917
754233
905185
349829
793426
429869
285808
936321
988371
417557
194973
086495
186079
356087
579604
652619
011368
487821
916689
027298
556643
726931
016379
423004
734823
352364
140272
946234
924737
481795
022646
102236
562356
321025
551749
642229
011853
848543
096679
119125
963061
669767
539332
016951
369691
106990
809178
561785
098261
658747
913574
705332
662504
326146
518172
439597
293029
389279
890073
607732
274628
990835
342921
726420
