623994
620916
508229
128532
390714
692238
378473
076031
804075
502718
026860
032098
622430
524146
479489
870849
075994
593499
061060
355064
785258
602018
807591
417711
477419
746336
381765
442948
642598
434507
248145
883548
522161
825245
686679
400417
546887
403815
421363
568678
375886
120316
701364
182174
504932
334634
774405
093022
663078
988673
140701
164639
651060
743819
436477
535058
908584
657422
396575
881234
575252
761751
673856
442364
728525
065360
165050
211082
563756
722355
850999
155268
534149
061853
703934
344045
536120
050640
204451
698686
761974
350330
911833
071514
527283
208170
971155
688854
309763
950275
690217
805066
348355
035670
686838
431433
191827
867713
385929
377079
931017
404644
223016
363091
796457
203787
243770
962758
925633
978579
292873
418519
642186
465941
761675
771121
904852
968780
053781
653149
914693
635991
057150
999428
707049
407370
562113
030057
806450
303682
512807
508292
112880
747987
028761
076828
552549
403585
401095
493378
025725
132949
797593
513491
351630
227125
777928
245544
660100
505083
555158
439961
086162
151503
185008
629846
079577
629167
469302
689544
082217
506560
985629
846906
451091
375068
246945
966904
246252
221682
532959
738342
426073
779636
576497
585043
656693
902233
852843
421349
939522
328534
669663
881846
943001
437403
220594
205930
909254
505224
239984
198138
011950
300021
864536
067566
047195
767433
696414
744890
695704
025656
405412
089177
236311
467927
945373
478668
191374
331480
424270
684863
132490
362996
682822
784278
803973
851602
519109
064526
354184
991105
657852
274900
370692
608430
390989
742424
309604
718523
383064
129506
534273
599982
928337
099839
270962
889561
987929
834757
141577
432667
054530
107684
577648
240201
498001
872789
850761
441148
709609
440147
015425
910646
622073
935879
034320
394095
183479
263264
888071
462565
610731
101330
946811
776794
020742
427584
912448
185766
078262
625013
576220
738490
682993
700484
001104
436923
420174
772495
835177
307659
448525
565845
623670
229441
508166
427969
542180
086852
115880
896868
128907
891435
238745
982228
823459
038851
450874
087472
316633
696792
302767
926484
344711
079870
342499
554744
748323
385671
838197
666484
980182
822301
168287
855665
221910
287229
154694
874473
521140
663946
629322
340275
533791
858520
402945
906838
931402
152473
720930
741201
565662
776247
726038
428888
325005
628223
326623
878416
881695
061903
468587
122445
443366
480690
985745
357682
462501
042505
159875
300915
537581
162221
626597
143727
795661
715241
859552
046436
883062
017383
869319
183062
214236
981414
294177
170627
774218
920071
699268
582546
310195
631987
652861
841877
208810
714957
848471
241606
746298
261386
825564
156913
834551
541686
935098
806177
443546
503339
517809
892396
768672
867279
795492
792841
408222
624009
672549
979803
344184
894932
169349
130998
172302
632591
011700
593325
963592
679732
981423
191520
592075
450991
088999
338800
089616
846496
613537
910570
323511
665785
814204
589340
886844
287713
273891
444684
165994
397259
988197
224062
884220
590179
797858
670454
379616
091667
021323
224042
999433
965163
588087
823748
526356
126717
742056
235713
913161
896440
701470
801752
773168
351057
671853
116247
015835
126023
887696
162845
193712
831777
073231
436521
359185
512233
794817
216824
585734
040061
291709
665225
919669
364628
427065
801048
089376
399841
373917
942801
612616
857726
446956
374898
367658
315635
925084
057139
390154
957559
359273
372039
297070
608378
354556
271342
789270
474452
889636
111538
325490
798564
723610
016010
562874
159402
080928
583377
460040
347834
542512
049753
092378
723594
164299
089363
345056
851526
993597
303515
900734
871724
569948
738569
254597
758566
199144
948028
574457
329712
237334
584817
080282
785907
310103
777687
472383
276777
787941
560877
528136
416299
554769
169482
036202
775529
600933
050822
497589
124371
504669
899805
310155
120445
285145
330178
041443
078898
694017
025438
201588
947092
187595
894821
907578
070867
282059
709077
627403
857245
939920
758944
793328
499554
728053
729111
707777
926400
137327
220845
139385
527338
637589
627957
312609
628042
759370
070972
015188
239199
996249
478790
366414
628250
593488
980934
938863
015900
532191
344960
144391
826389
227495
455413
029140
058427
394894
035847
064575
503533
712158
312551
227856
013800
845608
225937
133684
161747
544527
190896
587698
786282
226540
594947
660454
165932
780405
295697
523807
895315
803019
393912
420640
583563
864181
150454
503261
097712
526777
467287
665696
690413
413329
602034
255906
394441
407331
124705
292959
478367
164900
550949
860008
742214
765983
878747
693268
710342
997957
219612
314584
694916
481559
158504
037630
206726
481818
201913
452591
415559
738265
431281
034658
042269
429130
404443
026435
668242
904630
658511
116108
250238
711652
013983
695731
650740
300907
522272
578372
055603
278412
501732
387065
001095
981462
027781
023087
104493
112474
532792
030818
924984
764627
413228
520261
885943
965649
479758
177484
522609
287615
814553
796793
905768
251899
234646
247291
541034
886684
817088
167433
808998
087981
079546
183358
823961
202985
955786
213748
279217
698019
486022
791164
935019
367703
944609
537422
965396
617767
067344
505574
077283
998137
125240
751487
931511
922768
177920
425681
080276
247946
330447
545992
079858
956908
251993
345292
078348
678244
009982
573451
600461
747970
915774
845485
980076
861506
102032
447776
722977
519249
498311
961802
166483
929972
927476
088791
092105
521656
434597
080139
238716
536390
623700
619382
042429
779254
195637
559256
220342
189514
145796
648541
186987
647220
813471
320563
904455
959293
874101
719484
246492
935524
988972
229463
634739
407145
877736
559573
233008
462300
678175
298492
412180
439591
708423
571296
185587
110030
020774
656086
464040
623349
445681
722484
645014
708796
462736
257559
669627
165962
701640
979575
246860
289190
564288
569252
209988
211072
912271
973629
213304
294756
797506
216964
388167
078792
696295
354701
314002
789251
540628
988899
463784
634819
888940
805345
563553
268309
184707
432180
513547
573146
716743
345666
663544
216926
285244
045699
552381
167952
397223
264198
718483
363882
106633
054497
158095
628773
844699
084560
918745
368838
601361
479595
637107
807171
717859
160544
071057
588517
844830
015469
353973
752369
088348
450364
777773
662113
697265
809252
312055
431794
878178
262537
738390
610320
852399
964591
445219
508899
355478
217478
324041
206486
458977
949878
781861
996336
152699
247039
943724
664775
464278
519482
261443
507295
367843
402215
986162
053180
980992
753459
740308
410490
620950
195766
329295
023120
400952
047054
094384
250389
009823
636374
514157
431148
531254
199447
306062
685979
645816
731519
559141
913259
527303
001668
159853
121644
733337
609202
270667
851664
960516
809185
871096
176843
447862
992609
335013
143998
753551
987219
202087
779019
659282
251349
742376
906065
402588
253970
952165
513217
994844
741712
932124
341630
369514
508162
214006
749006
719426
119053
131616
269672
220649
047879
996081
410485
467786
