666596
567959
056984
554990
446706
760153
932998
840468
887281
994120
308466
678758
024993
472463
419545
855306
765805
178454
971449
307357
566610
861287
905690
859439
186982
036609
215639
352708
110230
150954
475084
818673
805404
722387
802684
936989
173342
730807
779380
259777
487925
242437
844062
380188
565472
976629
570241
906222
250093
434240
754286
071571
751343
392967
030119
750291
096556
565323
225479
294024
133487
914111
788194
356590
035889
325801
431775
859785
546279
775113
410540
715379
933627
225610
239981
233886
298268
224875
543860
259408
274351
989994
686558
059332
238879
647092
175439
434678
500059
438145
944960
914207
636493
271723
385220
766477
433010
677199
434234
270377
894037
055259
304521
705244
933894
407943
826141
743667
179259
397339
982293
976346
047874
170145
397508
610861
499835
664006
533411
695238
735370
152433
723938
970667
506280
628764
780590
039939
850771
244128
545993
792564
241836
822740
316022
025509
366078
971530
090045
409740
865971
621303
717176
245446
797507
328181
744149
411581
635627
630386
696708
836904
282922
221237
349720
072569
916753
937911
517162
967436
152177
697725
241388
699508
858915
347172
313784
177035
607652
136509
138087
826889
038838
412461
659820
582044
915723
736557
077646
752677
294352
832861
099054
460789
915011
526117
045525
635432
855485
862431
499357
505043
114966
776607
544924
143624
305107
949675
380556
780337
767995
998308
097888
626157
489965
518460
989423
939875
736491
662129
601606
199895
175319
597628
018947
715970
656970
448085
702205
981455
922441
135595
310731
367603
931019
033216
129994
726487
781561
548623
936838
615104
473174
856500
290682
407892
366324
224382
893819
539565
276857
138419
817417
309507
801719
051649
912772
216065
710657
517056
639888
904074
222565
296512
934366
981022
545403
631799
322419
472722
329813
641689
437567
631744
087839
737918
061130
369603
970984
139671
101294
094658
009219
768567
418364
989832
707589
252716
978480
207720
353964
754018
607915
380078
116437
049891
819871
071217
645156
588901
038550
122074
875418
024299
029011
089468
542225
909625
193450
427137
538798
541931
961797
712404
397336
784338
817836
444383
461861
601531
890760
349535
433292
918141
318100
377446
689862
933358
152643
427830
735649
890746
601980
987035
255701
899610
136870
154030
215275
283522
898724
766452
374572
078679
830893
481219
070511
774870
457026
760719
014618
132923
921624
451330
307907
294293
943824
198775
414854
613737
192166
512127
910232
444121
613490
978060
099536
690597
829161
236470
612440
522399
991517
263592
046272
668934
671426
834017
325290
936936
879124
037863
097691
993422
442672
450165
416530
792465
271372
911138
274305
694994
639502
331497
644512
510167
026547
868455
045990
375520
316765
844258
916832
003757
968448
874901
674193
293923
942407
991874
132000
362703
094790
826714
788863
911272
416141
796244
581428
089159
888349
045659
274261
524982
877923
987767
765440
409027
126982
876076
866187
305738
734213
610247
780263
679306
719081
529208
351400
534002
080828
484257
824572
944499
931087
051720
784274
469124
435599
757719
862408
779083
731487
556910
510223
173189
660353
444151
775333
204703
060184
080428
166303
044866
534427
771498
924070
350625
504172
291084
464218
748413
760868
884117
336206
316879
847036
515199
270734
021687
137673
331618
056164
331186
043968
946267
413802
790040
223779
756183
414822
357716
951212
302660
928742
640482
629200
388248
785353
633543
485868
012520
957053
503457
447826
705324
075560
776187
942917
536847
470436
647627
308089
677970
350256
595303
249336
791907
282475
381197
074695
871677
860383
976392
916047
045193
415414
401137
950510
112073
191254
850449
896075
773471
450050
643784
581245
566208
470700
727082
460597
703108
568875
689642
040652
748261
686946
735383
696362
822004
917214
232523
147592
850831
070725
401846
812558
262994
275292
498073
890277
971925
249292
598720
633206
241212
876473
950120
607740
528442
124434
017238
374884
627951
430556
922814
701205
365347
987297
550900
293453
725663
349909
105967
445400
845349
559599
497110
404783
810700
194584
858979
848198
923742
332549
802676
377483
715804
649337
532914
439021
697708
135278
338034
886277
132102
487165
907826
953301
877355
627211
870554
053296
348813
439507
251261
853401
437042
100400
411339
959133
400167
286205
267196
313088
088765
435957
966082
282503
292367
150929
758890
099993
422833
327414
403250
189680
360688
502845
726318
173000
707945
023450
005221
702171
033891
338118
754176
658487
552988
916199
622799
389085
559036
572831
739318
027574
902710
312259
150799
591433
325319
925422
874285
439928
625816
088551
976758
876638
022409
314286
231445
049741
650981
176500
135569
236173
189412
914782
285140
479268
923711
228486
151666
285111
246534
074739
545015
504611
897551
161640
345717
588265
407577
252083
673562
846054
117195
044523
648898
355873
945318
303468
595872
131745
781077
531974
856025
471307
222540
805913
105525
734405
392619
122437
171856
970178
618221
048725
243494
504951
942862
358963
550225
947438
061543
087317
479935
897427
793118
613435
963299
208665
957973
068242
475312
402570
065542
415779
667233
400732
955874
485215
184373
519811
596068
853955
983931
186116
038193
206135
035014
863073
377316
396167
712508
859014
647903
865577
985814
763325
985895
355778
870457
722358
216838
047265
462181
378958
120320
999176
037720
318024
683620
210156
556799
672040
834840
670792
483320
499020
283269
911339
346492
670004
136742
034617
015239
665216
506319
870297
645089
805422
552869
215166
801287
166160
971802
573087
449302
595647
488652
796752
907483
199592
659041
458775
246146
402284
416969
589172
785483
669691
791658
007141
153526
696841
010666
040675
728291
237417
351406
099009
907167
919468
583048
738769
669376
897229
794483
748906
018332
586905
153787
857385
814322
333578
470262
261422
166078
718773
180565
586631
117672
655666
240416
030084
676528
251310
823758
790824
958086
294870
953257
588511
154995
925310
095557
820407
382527
123500
227631
006482
926024
536929
298316
436954
782606
204068
702625
688018
030114
268249
182104
776139
504391
082076
010095
682881
244020
047319
452510
232119
026150
962295
029451
756827
677182
562988
390200
672174
962968
085246
397167
541429
617908
840536
266239
754212
332027
328437
503659
719443
926251
249403
315172
142275
535784
941648
463190
840350
438066
780630
361339
236437
507821
995687
619780
487397
208716
660559
646951
809447
881074
309970
040109
135579
124490
524572
427761
670390
933838
410141
834426
172596
828810
114213
294384
325067
283754
540277
034932
307456
453340
077798
038933
204744
460406
181131
906365
325519
440319
575974
052785
684645
003400
063838
241738
775878
714214
374516
016351
507703
684786
101655
435858
812840
979025
206088
427277
874340
747930
210935
024737
473102
815441
455105
182540
167193
651849
145124
301624
700165
240276
272521
280805
797242
760357
681951
509485
305561
495502
232138
290492
634824
491449
626042
298793
182088
194476
915356
999981
974644
823989
246984
620427
399218
961245
472972
544171
