711577
302885
555834
617792
625874
619104
216499
072877
405056
914452
556176
090114
637739
971014
307949
450613
622638
453572
667140
304766
415743
455285
705392
867219
943735
862112
898215
537428
276223
113097
044566
677913
862570
851316
890791
277319
715769
637779
341600
446299
564591
608148
678205
009897
688848
615165
262093
898862
172293
312294
478378
215316
154655
193505
749579
644734
704968
452170
030700
541849
674271
606296
467593
878968
737275
512175
010258
326798
493406
935828
903560
589372
577030
558082
977816
098199
037804
705129
973274
102270
406714
729667
541949
641162
424933
151886
881304
077229
447383
255121
363458
066529
384641
476577
281150
286155
552965
257425
206904
505931
180334
103001
085488
765124
458468
216998
489646
219952
782084
606775
734196
846533
250843
123494
165031
064009
107934
319063
378899
164898
053386
744867
631492
429160
233377
823167
260843
659339
003267
227609
815804
169437
469616
332550
191995
499257
410308
489416
620766
622085
949855
257638
577225
084144
872332
407899
285917
601656
613228
155869
744770
166765
497018
101442
245265
597351
616182
067586
564907
104715
319956
886519
797362
356925
598377
059850
503124
025428
371975
466665
873258
862098
374008
992969
665585
203093
224265
423725
633930
885791
391869
897714
314321
687798
054873
937733
521399
759605
936168
848255
099730
290850
564246
692494
526024
727577
877596
877842
690696
297211
247910
696432
232390
293114
109915
722436
120057
490624
818469
130213
163047
381384
182870
994156
047181
274212
714248
863776
812330
979577
211096
843941
107234
765623
576302
279986
074512
143723
428465
208052
839429
454078
824237
156688
934201
697921
342381
137248
967294
518564
737819
332550
659847
900398
387960
116971
167444
754034
332636
337837
692083
012018
288152
625335
605648
954236
782586
998793
368539
280082
274261
497567
201886
647590
080255
770879
779242
727213
252939
404139
642884
904028
054223
629255
955603
483277
563730
281922
051888
772547
797365
555816
054742
445378
074619
349123
635114
130914
354019
166939
070731
510796
618877
621834
147918
498066
270522
156761
963133
683452
313968
056018
879581
199607
450161
480942
398233
434519
680694
962951
960894
814234
342487
305213
281255
758004
001031
394142
622573
244837
099325
005336
740505
988585
292149
939078
321489
984673
349364
611245
323559
501842
288299
024402
351616
985413
252670
006020
855740
509439
790784
461900
160885
261582
526199
062101
449558
906778
517510
862822
832470
101987
233425
580657
705263
411360
820300
077133
054057
652735
367480
627397
885991
507210
222763
036859
786469
572283
970355
924891
347215
810775
602176
779310
756180
891761
765128
845848
561242
393285
593879
610640
259933
580088
246187
643373
617339
288428
394770
568706
283578
475640
483151
740882
387544
758476
083064
269496
908044
316248
782684
067865
642266
377305
305010
253003
382487
813160
620444
364877
320139
432038
524208
625889
756626
078878
582360
159601
129536
660831
888014
243639
540527
597756
810535
218003
353939
816675
687338
519595
630802
254892
118469
400592
919609
843959
843492
616738
487610
363259
808483
072892
035744
805171
525226
912712
026465
574823
935665
157170
979441
529101
970783
932397
628190
760956
808367
086769
468222
265970
442262
460119
570360
837669
525932
379630
130529
259476
704718
326229
088509
842058
305921
981427
275386
266068
258571
770899
156330
804300
817152
436154
288784
702276
479000
644566
293593
440890
058024
238906
795060
483989
343648
837566
496453
515392
483671
889555
079456
689127
713638
267283
005925
550587
563498
672574
636892
484327
987910
581986
784860
226579
194121
819237
295379
971495
703951
214526
428782
161310
973853
551770
232140
639510
232250
807598
118635
547549
877950
382375
235283
857551
815411
752045
997730
982075
983751
905857
454979
519431
204322
388973
256338
697555
270215
728839
607120
138630
742223
934317
075452
758692
127126
154094
875974
172190
926773
749996
371277
930222
052344
380313
680019
706896
030837
595130
655590
099813
267172
370055
951921
342751
823342
149832
086223
274681
579615
971621
467276
777076
664922
282138
010772
849760
159388
990446
247188
635034
421381
843820
382509
638166
589019
514356
272821
925458
906499
732786
437535
661666
644003
192437
941910
578863
209093
631973
583816
786722
833110
847864
089130
259754
741735
518797
659586
401882
982844
892177
689787
692670
621922
886911
736666
836745
746739
694453
732345
232684
078702
200637
641697
564082
855213
963572
177972
784694
054855
673655
466223
957271
389093
698890
329286
619949
485343
834667
525990
473585
743777
205313
006629
192765
624778
829320
148928
480251
312233
950806
526767
110470
477987
886595
453025
515143
043251
481188
252244
919398
620432
776120
617598
441965
041479
706834
742510
415404
781247
796144
464363
741424
242611
121691
149746
022049
438008
649164
780353
184199
149860
659859
348623
116428
722465
007515
147577
006162
468682
582129
215562
434081
997909
248123
222053
100506
637298
532402
646411
806288
985476
033124
991379
003542
783651
482735
659002
381536
974216
255630
974914
906095
476077
991957
456154
174356
243689
010655
932195
336199
145363
958640
723702
844781
130887
762198
088803
329525
856253
740107
986107
532389
389259
979539
575365
461504
073753
761031
220454
303096
167589
828924
048468
897592
806567
830668
303426
052751
821033
642140
291775
294119
376697
950128
208810
796825
713536
449653
290676
863898
252517
421314
906779
024295
237505
430567
356079
989653
481521
102298
931387
217376
817849
082927
832299
399059
346289
689533
214337
716375
958902
806931
107478
388217
876913
595131
595722
517993
059212
216956
515909
287094
848566
555099
490813
366701
316448
178308
331999
150168
527605
015787
114929
756194
626904
153429
884640
578916
086799
505067
357315
044669
171427
619417
877744
298001
744725
568659
643648
096231
416758
689835
083465
097334
927879
767457
189377
473637
501083
265874
326961
935796
431182
833864
439867
669524
031945
922338
129699
303748
767898
345885
828354
518210
013177
434531
283725
249067
729461
476622
686382
223841
374407
265968
464987
261666
398967
374346
625229
016252
099360
165894
900997
074025
507079
076104
867652
845724
576212
007988
295763
685579
867091
192734
345640
528004
630023
089883
975038
015618
373057
451250
584616
234867
317766
419856
380163
815592
257103
721428
051266
375901
827431
991735
932070
669020
782322
606063
171376
127546
426220
974163
277302
435059
325399
269351
046135
549222
818373
956664
246674
027687
662718
895358
140960
466687
445938
571948
733216
046932
060375
048644
913374
816614
076380
954746
241377
766575
272923
365068
965907
743900
420463
241845
277836
011492
732368
043973
796171
237635
472550
955109
841362
556760
400300
470286
791360
237726
169640
437767
426692
124223
080557
280050
932906
681434
038403
429164
503999
684990
528293
934618
587133
855142
039477
637241
639541
307321
955584
871798
096762
035592
048479
399665
332573
204943
162952
989577
018042
106082
868116
408713
050036
748665
118424
266227
595890
997512
457120
243916
849608
350185
