258936
236710
993736
790711
803611
406215
273443
295929
402029
798933
571060
609598
211546
507957
864537
423994
444009
291740
533341
691368
694777
116974
899952
488099
212426
269365
281318
186845
826613
482922
716729
415485
535802
148794
620689
138913
675257
875681
957674
514232
452128
327857
139181
999348
214708
118607
224901
082476
408589
737590
805461
327791
209214
645424
917893
915275
787185
801769
176190
432820
213825
297145
009435
420637
852309
073992
489507
475242
829175
371040
747792
583773
955475
704285
167423
943022
556320
531628
473911
301329
505211
887499
768073
293775
376560
737629
461789
824058
170297
985383
615477
857989
000200
779078
156443
636427
829178
506982
165049
768336
369290
071012
655792
957423
858444
623716
859694
842184
692008
436771
588596
525744
050698
601262
863458
055602
740035
576801
910006
895043
858191
203283
587946
166556
946250
496773
905264
331208
765867
184976
478919
321405
896954
666136
575703
292858
901297
289129
463913
422355
786454
838543
720512
387919
412016
331043
538989
711282
832613
015636
924499
070707
101618
047056
022354
155343
231459
109773
406810
095529
804238
700134
776587
998952
479096
111145
075212
897633
364315
237454
727663
220193
555909
435664
144730
838284
458823
583917
972081
116561
604788
565881
370860
292169
729803
635990
954253
540450
467395
129577
918417
028931
778245
090375
578785
839159
626329
610282
707622
643312
624149
312924
297944
670485
574995
052384
146132
982308
200588
156591
265088
864115
468909
877096
344261
624864
104331
051503
217161
194987
549653
465690
642242
818982
847399
838753
841152
043357
699751
065496
004803
681779
352922
334220
238447
980327
080184
708174
733949
987451
089245
208289
661539
347041
140315
082468
761904
740945
805746
963633
200145
380006
357282
692880
370966
209786
789878
841036
840187
803035
102639
111277
504888
615312
309694
003193
606118
766861
705699
238203
341912
921601
024202
048581
755969
561548
216026
227856
402395
643207
339799
932099
206488
522636
967604
057874
847129
040001
673096
791010
294753
051034
020946
683394
927755
927635
039376
598805
138654
066403
484082
348068
697626
261486
723426
909942
045180
073748
933363
226905
275376
500614
990344
378113
803534
700548
621845
964711
167648
598034
150084
641488
555068
342631
294959
957854
224027
402989
659659
736439
662756
141674
925492
250806
688856
866950
631574
391507
948900
560518
586013
460570
349264
378717
321937
238893
613418
202146
975474
383252
370338
104633
288599
560281
905172
930779
617539
171063
761753
360279
740236
233469
049468
470173
085092
615081
290994
876165
912370
289047
775360
818102
979226
045781
087070
688147
425985
623742
451811
463641
711675
118320
232052
622672
815069
908901
061252
866233
979844
937000
174330
777190
380037
018872
526640
453081
854185
910837
974183
446996
134638
397696
440003
277054
911814
189144
388047
116350
682900
879594
136955
129658
754765
854635
460134
170491
351988
911296
069706
824187
985946
688382
912584
741908
124283
119013
247363
441506
433714
022603
946308
981807
060780
201389
997367
463148
018295
159141
799767
086894
476288
730365
782059
436755
837418
294910
224801
565703
081973
446177
872630
527172
366612
755180
488732
174726
797625
841079
123334
536310
689555
458737
043446
649043
109697
556575
051819
309416
262653
687583
698847
254151
608007
708541
643780
069217
972593
527500
207483
060070
373119
614543
419704
868046
610142
051076
052537
014525
434377
151047
056767
683225
841238
388468
017253
312066
727054
178298
644965
250902
664358
555760
447051
369070
851975
772597
662558
083602
609627
626057
671215
941067
665721
833096
748782
123090
734711
007665
562538
904494
011879
233394
053272
054708
374430
104846
437898
261584
399593
734087
082714
341451
351448
983732
734173
530562
647780
956274
044049
033523
760653
566427
405430
056200
775647
687225
777701
596643
671462
229682
153316
091310
551999
898304
272845
184678
801994
166823
930407
589342
850596
162994
001307
808032
215464
837661
745086
756454
757252
871554
880466
101859
321455
953377
925486
006796
887727
250715
752349
677291
916005
850204
364801
335697
111945
916429
013204
611051
962608
206329
139254
743722
653205
727469
951856
984615
451421
427258
718546
858571
086448
225485
239866
793925
150264
476110
118801
853498
481540
827087
664752
002683
248950
728127
521015
410845
611281
899734
099502
716445
178440
211776
232427
014918
670271
104117
492623
142439
444870
491020
214333
204075
368475
357673
468684
112498
375920
713915
361011
997647
287104
857574
889632
920373
994866
716441
359839
022337
101884
154088
212662
293414
860017
984450
088532
096894
094012
757684
737658
203728
656319
767490
909436
110413
474779
807542
966403
131831
981307
217198
641182
678182
201924
865341
147654
303119
819110
708609
355543
718290
105102
184509
875308
676840
659031
943167
860830
912900
009061
262934
712085
083718
637051
727091
755925
065923
100253
164284
625042
718393
891952
075041
520205
216692
843930
609311
878411
057949
170720
587038
775693
653312
358673
169978
709127
345220
072480
610113
811586
548252
175334
980608
182567
974908
661500
077341
778551
615848
230325
050011
858265
390583
894376
446348
947457
780248
811910
327807
606411
003894
040259
288293
221424
708486
594386
829872
936287
465270
466282
662012
583823
910185
382326
888033
834775
793551
756088
277090
272743
032258
922016
354644
972547
155603
821557
045359
738131
121862
131769
619376
764952
764256
909058
884730
766224
088054
649623
234715
590656
961840
792389
019368
055200
235471
636148
946557
105774
435674
569587
731525
545306
856430
519388
647504
268201
728610
538367
079837
747558
251831
885022
022685
548789
812592
590414
328912
060722
060781
365137
614334
855525
355465
409496
678376
690505
004234
114722
952611
402899
589496
745441
612642
662944
237365
564692
443376
957572
278703
922202
314344
918833
611031
018684
448775
651895
387266
131476
036316
645642
970560
104306
193312
876858
725748
065683
897165
327608
473548
262348
785728
016117
706283
940482
278037
241372
582830
437285
861468
887224
941473
650531
075007
012981
582046
958670
951821
721130
221906
166365
739805
535082
008245
928559
231974
634030
301158
833014
819498
730719
567978
648732
632345
753332
397921
378556
101836
874187
133918
229168
801932
067415
934868
459398
799119
364243
253110
479331
172772
859803
196407
842689
712918
019426
616997
413234
998399
545338
851506
210564
643371
878711
729942
897353
178438
903719
545346
728318
956557
816834
882130
078433
095571
622169
029126
835715
799844
361915
839161
640911
797040
755815
828365
179074
573914
881083
183146
272467
597821
112371
825622
430544
350616
404074
976667
087791
432461
091849
559561
639429
458944
455074
360565
754350
654419
156710
249930
615238
743241
960053
389193
134015
553703
051895
131881
695825
077960
316337
947430
937102
703695
221244
004183
403901
854762
461455
101568
686796
149143
978134
298116
798022
760912
997219
057265
856857
219547
357737
880813
750351
516361
254420
596683
641987
488451
421741
296246
733978
140129
286661
399682
