855203
249452
585714
532947
866341
758864
559528
646828
941850
309338
118764
177597
745579
028505
442261
543604
645767
735042
841028
201764
360371
499840
553965
998872
698486
604037
848686
988330
154776
898108
151071
526321
234984
487573
057595
854483
789025
257587
957204
369288
075313
339946
120341
095451
377477
464623
063621
931133
847508
880531
893473
704126
884688
712310
251135
333590
359335
922162
469334
062481
587953
214308
874671
891967
945747
018093
040683
867326
517465
615697
424910
358421
772484
255174
379507
893755
329218
251122
892861
464457
416959
524891
927347
673673
576891
063262
433712
207529
542945
087317
516726
303495
491420
853032
968284
700007
343755
069297
128882
103569
620053
359446
699229
123261
941060
711857
884728
017863
809728
678123
999719
515496
149915
460837
476673
553138
564368
186391
676795
293457
165844
334518
636149
407379
369824
574304
433334
540099
666721
958764
035341
629505
864382
775226
678886
519593
376114
662291
923162
269715
809717
109714
770932
292382
717483
781627
851275
839084
605376
712927
601973
959826
476791
996211
623560
422326
217235
458301
057645
767068
571302
213492
099666
615893
041794
816577
457683
623769
975482
385745
554574
781638
015862
433131
557032
619021
897953
765408
376318
997263
797397
262125
360287
003683
401734
811504
891515
581113
474088
523416
158074
093110
798472
012180
602278
692831
799444
541502
081332
766173
860456
873680
971681
792777
247037
664907
327760
993418
878379
395795
186900
657434
291143
461513
825464
383093
984379
667424
121817
065223
652152
834669
712734
765348
290683
420088
226598
426851
117255
209143
666181
190407
196468
234267
699931
966497
141394
567187
999351
755025
101607
790007
751563
099418
743679
824226
624545
557553
616601
744496
867431
432777
336430
023158
110555
970972
043793
349351
531173
173489
476940
244571
392853
731485
765104
190387
628576
419205
448314
188923
072756
145031
744490
804621
395602
945955
078378
137553
500169
068905
964572
279085
335737
856025
749208
609711
389892
945144
722853
593157
952049
987285
990391
348610
833552
028869
117689
903491
761836
477271
859901
819792
597544
280109
546999
338664
058510
131351
532808
224002
157218
673160
380675
384178
336148
295031
280411
501857
813701
246205
020343
657962
570918
442581
345402
794571
427948
404895
356604
090425
159451
751003
449927
767367
382500
430202
119108
273064
845824
451604
254219
403690
414347
092693
258558
866973
306622
339437
320281
403589
868641
125807
197269
395566
963125
331479
952961
780449
171027
748901
695400
783963
833968
896967
033291
677891
154891
033948
080499
658343
466441
454068
684752
901128
185467
993389
262696
819635
444940
059733
956499
696909
999930
968023
464765
844503
321273
885590
334870
601342
244336
604327
947802
694657
248908
122316
288139
182370
289624
652937
533395
628248
094561
483260
048407
909432
648393
296581
387003
246985
566875
518810
851140
838796
058693
296548
405566
256496
828748
191016
735314
962469
056926
894804
532798
419606
682741
865617
557024
739274
234192
860832
508323
648565
248171
103069
249644
661654
374251
351912
642575
104752
714532
150168
111345
534913
724138
937698
909393
702942
676860
371329
585028
629660
709909
424042
729294
908184
259013
101065
386425
421821
594926
553349
634241
012283
156517
632244
951262
012705
272479
561123
023142
301579
970866
512542
512716
094950
102161
784534
859084
696916
391943
814866
757334
508127
845934
682261
659241
647894
287505
148829
201036
358704
837667
007113
681955
687552
382155
471930
433982
839093
101435
107496
392117
410705
148150
557714
423160
921835
342362
757744
263203
710505
112243
214654
742185
994973
650811
452652
787722
394697
880241
339075
895946
805288
684415
124876
913621
979412
922782
377357
791919
953377
773012
195137
351911
710112
257429
708445
191061
707994
173872
924986
035487
422646
114195
325045
514484
365037
444114
594213
300685
699400
815611
443941
757742
038948
958813
836078
127658
670987
503256
560529
715179
044418
409430
608822
933909
934324
996635
048975
624524
315811
879722
958002
626509
790899
430044
920344
935863
735868
091250
097453
141063
836451
441162
026409
638079
480086
294612
406968
463151
880870
305590
761920
995160
694367
554317
751401
701285
047924
202802
169472
855932
398158
388082
456865
913161
361634
834897
344781
167876
970873
878137
202492
535686
442267
840529
932611
012703
478576
064004
462968
383935
817087
237039
215598
058854
585956
879518
493566
691408
900090
114867
776778
703400
177174
982502
762770
791073
815553
172762
344678
903786
436849
248568
956330
762977
397329
443821
528280
836067
519408
849968
357164
519641
291448
794877
426951
163312
314630
667494
000913
803679
216213
095445
243548
185532
437382
200150
018217
824593
764852
078681
954551
079545
684802
361212
806598
194860
273565
810547
595766
193659
042978
332511
905015
106187
358683
518193
508556
143350
172696
759458
110633
828656
970636
955833
674423
336011
766665
135810
275167
572466
776383
604392
317957
546166
332691
047979
395424
452201
009269
800754
048476
668650
732618
762621
134610
474802
868756
476305
797291
689719
403540
384053
969766
446913
426332
289856
670729
953040
197463
861980
375823
161355
647134
801124
094255
403727
471294
985231
286290
613806
095186
935179
164846
862068
620703
729879
706463
293258
542736
489126
077874
973390
085107
247419
031230
710465
859784
879471
903965
132322
861869
696005
333909
633715
785224
209465
808226
638298
392762
857970
519439
577045
346805
987259
707349
360136
061516
678333
596908
089573
595185
982077
080531
817115
734441
565324
334878
696109
208271
229504
468434
368549
529205
572795
803923
446298
280295
814189
489814
380162
839568
684682
621749
753027
077696
882153
559208
671400
304687
232834
122602
621161
260940
108398
978863
489720
731117
789589
158075
357309
041493
511387
478831
050944
736258
480801
080389
423502
013455
280453
914067
625375
656404
593101
302208
023049
240454
626719
538847
552375
422170
514987
157410
204822
081411
121438
069948
997406
140533
637028
712039
030029
752801
230517
715039
669747
579950
198633
331045
644536
017989
625233
112818
248248
446739
069261
078690
502311
303475
503356
249820
791071
995774
795848
844616
527887
469043
249449
940383
448044
484007
166898
477555
247488
809357
546918
462731
113021
431627
470501
521861
066892
977987
544881
843993
245368
966287
543129
366962
375500
441114
017150
356558
568655
639693
982192
789021
113575
565652
397536
743082
581561
622482
463259
292998
756053
082133
782160
335649
579534
399266
620088
329895
573789
569426
187952
743655
915328
531609
087541
067381
574321
311859
362804
976093
935366
848867
605594
857116
278943
984787
417867
065339
229774
816229
004792
734669
178063
995220
626988
181107
636106
145940
185682
396861
090306
816996
977629
317837
964972
741770
382993
302700
409030
935792
601408
560683
943178
724867
918318
979345
882962
800352
278676
207134
023333
381038
702838
224584
893086
379119
886887
843269
612742
924971
766495
934397
832198
920372
897460
722291
803683
839173
750255
368051
