394254
440601
761136
572504
149040
040075
966919
528308
827910
173147
138598
362397
682504
097095
284845
697722
143537
642175
713753
099408
071987
271043
241042
432578
396206
124145
232127
981238
943812
038395
907824
615089
175392
960400
009566
192356
223211
400956
368177
785982
138891
110811
471782
673931
396110
908040
225727
159654
024700
612508
495599
944440
982375
338099
160019
524093
570956
846250
364795
813452
022324
500915
751576
825166
661371
028290
983076
586009
163541
212711
966451
761131
090761
410433
572831
357533
717436
971150
192162
816827
534281
024012
098633
945864
324295
621684
642517
717205
734082
187406
110675
173633
665684
818720
404996
858942
700821
865829
911235
377667
847951
398738
172043
714041
064612
661922
620273
007362
072700
440192
350536
908810
310972
950172
985186
928453
356635
405081
176606
670900
993303
849079
861159
809672
652541
017462
230381
562452
893549
025895
740003
496458
777339
402697
784521
008238
978416
660817
548718
388161
650186
156139
032573
225227
050208
996760
994417
531768
700277
641503
029359
659410
509814
809031
194241
751157
005077
640127
488361
850523
567557
838588
129298
475182
545481
999697
806245
757804
616368
860080
090393
057193
897279
013024
190174
402961
730542
317966
587685
369129
780938
779521
312689
706744
379055
898596
781076
225768
075713
538241
504309
570723
885516
725568
600591
705829
469600
085703
616402
959414
298884
542111
672668
846120
687022
085585
520692
356187
105274
063279
977818
987247
229929
811238
847008
105793
057480
964753
277386
169004
112852
916586
661824
011066
439526
023242
551713
791028
539057
119729
640504
186835
783342
048101
900188
412332
738469
425914
006524
313605
607865
119267
765320
373708
682901
738563
952276
438703
169776
130695
280316
674670
284775
870085
359073
286864
204015
135395
737921
001347
203748
990718
308008
634032
873886
834705
777878
181300
460680
367827
449656
599718
054018
578445
144172
265621
610267
997816
804465
248134
998294
096894
639263
533873
338824
437440
852603
965954
749870
771778
600522
614087
250705
273013
736968
223352
473707
954499
767223
374184
395743
463190
588878
926598
072719
853628
097674
121419
465674
151664
502764
559057
674185
030270
255577
639810
328534
744710
087850
558691
973722
805585
563445
629212
860651
455493
786140
007190
815638
487750
110757
442129
610474
267173
649205
423535
136898
876414
148600
556883
560612
692147
624913
265123
752225
222871
013170
789997
789124
587174
881429
771775
783038
385255
925116
725443
041752
367494
190855
547253
191455
198151
895760
923565
337729
821329
531981
269011
088267
747733
143283
244034
259138
672942
582792
377496
934785
935311
838658
996292
742201
544221
290480
395643
664737
093181
458329
579417
445254
137577
273270
588430
183817
952475
841248
213439
000339
780878
371270
061589
931134
502285
173369
318800
939151
777469
807406
215900
352243
813020
315731
856554
479751
709495
750145
797970
515914
628611
748308
252878
534570
733782
235910
719039
746788
144857
994081
369416
654579
457903
547099
210081
222855
773058
634663
619186
366243
654691
297776
045157
627827
441365
459025
261530
667994
944853
419255
102235
191248
342247
112323
331612
030270
752321
254113
974104
118231
467634
621826
173861
222778
419892
902379
555212
826267
657825
748476
193538
907874
554951
426644
698502
731592
959898
568713
806883
179565
516926
199472
194596
832194
546060
846054
638112
091071
709776
932439
603163
817617
305791
683159
734133
157406
444698
643192
923519
116612
427207
140230
708021
892958
888536
806861
586850
187613
357571
507953
209807
292570
947557
124169
481393
425282
072912
536498
352049
066081
362330
918148
412026
366697
614740
803444
726652
548410
005848
636970
269465
962003
896651
683301
684230
644757
492549
656222
189698
875304
760278
404312
780008
832054
074821
635797
861339
423520
058753
957800
595644
259050
596916
595712
647744
413791
966611
237381
220697
930222
630812
159353
320394
698822
639018
133013
106962
989465
840225
036017
572703
518960
317770
257835
944015
917889
588916
734093
274296
390552
576772
257981
934854
527270
647326
866220
673227
594842
372068
236235
256528
036303
205309
283818
136698
636341
820052
872009
082167
648438
705175
931918
838676
262793
430408
640144
888202
211471
812644
045382
626470
920389
763205
046237
712245
498222
670900
586686
818234
466638
971308
339791
479809
348466
354282
919266
505747
059476
523978
085811
929020
978674
721635
803135
831259
851366
241981
134348
951951
887322
279119
314387
453745
344359
352319
063398
319769
650269
711242
934710
562786
293886
678920
867494
572755
239985
889282
944790
691048
735197
094671
994535
567732
085677
125752
019507
376405
516739
579434
515696
361164
344969
281558
674248
074139
073700
442940
344773
133627
606966
692950
632287
607372
179016
794679
266272
309378
938496
534862
058158
677731
375474
056168
863745
494412
186453
356031
051437
938785
638016
046064
811075
266781
297172
196870
069310
871184
912637
600751
730364
707359
262060
867152
422379
679563
712444
474789
347194
306301
073745
138484
004636
077081
682103
442708
961099
629179
636551
587063
545817
075082
071676
267645
026431
859473
589582
762817
509436
530463
770529
180883
856383
283336
228275
268493
614163
851667
411212
308865
969585
989278
047898
382050
593389
142504
782556
024317
945216
677926
950807
002525
648015
029083
372208
222333
451884
083957
616945
312934
889895
397612
083090
735699
721776
036800
071988
107728
895489
622043
733676
960981
879858
010999
859191
559798
412836
195615
161012
647085
242276
109830
274594
777327
978679
414478
459040
589702
024130
762875
666771
394634
265037
373886
973534
117776
350702
534744
599727
519229
767866
504562
903537
911222
821600
036916
850227
863367
335689
042101
091168
046328
167401
750497
916658
562094
614689
483237
185709
900235
879590
374999
469346
761080
862478
957579
322337
241924
270793
284515
107820
636330
501771
943038
782567
582725
037829
041335
202385
476812
977812
336718
172825
562753
949011
129225
076885
297720
197451
948121
147260
877000
191476
304211
090093
273363
431453
159893
044735
176090
444728
935954
123209
811486
242064
095351
642431
982720
952088
580236
799806
664850
782522
250574
868379
223846
829887
079833
348483
485468
120698
558389
178227
012339
745659
665936
277693
015022
174110
611761
611187
411248
804364
587795
946794
716396
359500
190767
131225
554755
790069
019218
967565
343851
885901
089274
524870
021534
390288
347989
464791
024721
047740
834032
725212
535922
002956
904652
564320
374409
070483
139333
321185
169484
790556
046765
642701
143729
714608
273329
874224
963438
939175
421373
619617
461808
643690
340785
231987
983384
185835
266241
434187
389177
365442
568168
938889
898908
154295
936219
659249
600864
922259
897343
212596
004538
168100
231419
965639
212286
842857
566745
010841
108393
053181
053398
065995
399187
867561
264619
399713
481957
372721
785488
074189
159559
368916
098809
210979
544470
501905
093270
242477
083393
262221
317191
961271
846670
847966
100092
337293
680422
987396
641745
