987848
210369
606297
201533
731930
823652
019540
213792
051735
855973
967491
199630
034932
846020
236708
758739
707029
231732
940129
758176
966614
438619
688261
851858
500104
101956
789145
409896
732692
708267
705074
291800
020741
171633
244556
896348
259542
081830
057090
889807
208571
805961
821734
094938
368764
939041
412647
706070
643954
107010
573074
773904
854014
768953
622786
448735
562099
247739
665222
785682
803171
878018
122492
429376
051342
426889
525825
153625
836553
359185
555120
865962
055705
616355
494629
705344
968457
053890
130757
146211
298713
611656
663953
310128
906117
307582
655841
952380
110560
458276
854563
591321
294560
227756
392173
923826
353736
079020
088195
971794
590122
592121
511000
809289
478090
819577
250645
472808
788613
749611
316064
095477
260271
141968
657749
295279
991875
587302
619033
656281
406693
435200
169418
022413
076185
269482
850934
515251
132453
346936
627784
334135
283317
438079
623374
074011
315008
649111
783291
499662
836072
370960
214675
462223
899851
505269
335769
797429
294188
977274
428315
836929
509501
242175
651256
783401
785420
476083
790805
541207
412241
501877
299763
562082
173935
703130
231118
742320
168646
771861
647678
455320
635764
929764
663428
623830
584206
997828
526903
126712
727467
230923
664725
647872
781190
142173
708521
280387
923353
716853
022990
001939
392946
327724
522982
507983
443967
317222
392335
868278
896605
117846
850876
462927
548128
129305
966740
573735
527292
333046
455525
242129
270670
741115
590529
660296
193703
092431
819086
756708
968514
838653
564276
481553
567634
747308
724251
996109
875956
500907
751041
730669
516440
807432
297504
041097
775515
976941
174140
170294
196676
242802
434485
805721
372315
777004
491943
082570
657784
204548
721493
076477
058704
734200
218650
825357
043304
064571
446214
767895
050436
991734
801148
867351
041989
848360
330746
668981
692861
667795
540466
264829
175524
029755
135730
971938
523821
488223
931198
875169
699173
942808
016695
411288
961326
438465
316459
020582
117805
360708
091298
331002
612276
777758
665410
251034
922500
343116
646959
247539
013695
633917
138425
651931
718288
452598
502537
957904
380599
623879
132652
596356
629790
297415
663948
438641
065833
101039
493980
248706
756264
893172
592090
605398
358069
761709
542590
731565
210965
770116
151494
508306
670071
602127
964014
289787
721446
074896
859867
572798
355959
060158
764820
063117
460568
446633
695754
540857
548611
304256
360551
049334
695936
930545
041858
967050
224153
052980
835640
170949
882932
005706
173701
057150
960510
785906
083320
967171
790085
091617
193876
795968
803511
184933
854677
256575
497204
597387
667741
213863
702934
544175
210406
502984
540770
648388
297367
206277
431058
036215
854133
653642
370957
020028
483243
200546
788070
181906
104215
551551
729901
542090
390204
158072
471660
817086
389129
326529
165725
465306
168756
169997
934337
593003
635990
724351
045684
161582
420475
103234
542544
391042
342052
866549
870560
354102
654602
477582
195470
452346
705068
531319
528262
162548
838118
629211
965470
364349
933973
804007
958264
211768
509561
127976
904307
174169
468043
798643
027665
350665
155291
386682
196976
239365
570350
266413
261450
994832
675735
616402
204281
655893
632899
494669
882071
036195
407495
180174
404193
077707
807104
546345
144254
712831
774413
004212
191149
643324
772419
519516
819356
476978
296279
325079
476905
281186
146123
209362
189594
005619
826576
814091
279544
611295
097823
285461
859151
755693
031550
248122
303440
402875
257305
472283
412948
924796
669697
485128
886146
194400
884105
843872
982184
869948
601352
093840
269912
420528
490080
877978
888818
843851
308457
697041
171647
842598
782855
767604
302378
653734
792888
326496
756344
096655
502715
175251
467775
459267
338308
232275
744082
463007
986730
353724
049489
049222
738795
669303
487708
695307
991604
094796
022051
879933
885342
841533
663948
364205
866189
537161
167982
837770
036770
075820
739039
484534
634190
882629
751217
970593
607648
145877
667980
766947
739534
280341
606697
492137
269670
400287
959683
604251
990126
434511
511540
418417
592340
657536
267886
972043
256004
246125
940022
923334
024457
644218
898723
385687
625642
530414
703996
776074
062463
155915
382352
137181
846903
069052
412094
309943
582635
873094
700865
953794
837805
713884
789709
372710
336435
658210
885460
534923
060495
772304
115034
070984
285406
834335
603008
544320
492901
212328
182679
392162
475835
344998
703786
228468
210650
152975
713086
260034
674595
914794
245913
945854
621638
472176
474559
827948
139961
273593
348979
496111
904034
305572
625288
657246
515133
911249
053018
675310
817310
639884
654680
853749
770021
002584
421890
241180
636421
242571
230791
378896
485785
203711
364004
558410
184768
916068
618630
590271
343384
203494
244621
401990
809725
922716
390821
233787
740165
498219
941621
812394
921188
655265
308621
740370
207801
623007
542130
821398
711515
581223
870043
271027
749474
549744
177937
390866
541206
702840
846700
461750
604447
412271
383416
175708
408635
538562
858230
582282
103637
808409
536536
420539
069668
858887
495330
297951
639321
639039
027095
306888
194749
521073
757142
282026
046464
357657
180143
396480
272390
367950
239649
791201
479425
378597
153024
262866
071315
927667
407592
539928
703211
641246
367379
114068
565361
603353
629209
521967
999714
667897
751109
655756
113846
636414
412150
884831
562338
951361
124919
338645
628891
410851
800871
728871
197250
520626
260744
869196
752539
916566
302033
832274
484219
733547
628351
902741
938185
251751
050301
098591
747192
628581
843227
275008
816951
867124
917965
147133
406882
175330
271309
715695
471918
461202
781063
732005
959259
876825
927676
642748
040848
491359
864412
549002
693649
833430
597496
683430
080513
986147
784129
147111
219222
948977
488257
564129
264891
587169
017567
426394
582045
381144
140852
584367
516583
584394
991962
182297
418357
003412
364723
908105
228703
238070
049307
793100
937819
097490
385068
132291
159830
426504
067934
989400
683874
780444
254593
193150
270209
705817
259680
031789
482975
877265
232055
423007
115275
297371
642042
553616
121347
378585
155530
400367
834119
543782
760740
845003
756945
767938
533875
266777
913451
806346
112847
926739
877412
713196
505904
872552
152583
932170
012099
368232
679737
202780
467050
955109
493983
540766
910935
981737
525280
633558
965239
196822
813451
784921
488586
748144
994423
284955
171296
975700
146491
740487
392886
614969
621237
871756
940685
506481
680401
066579
470169
445980
228686
803261
523072
693281
340747
241450
459595
352576
465643
280315
081346
341173
393653
742635
030138
430041
948330
296290
050659
297878
621939
410227
863146
899879
603827
320660
724565
011823
675726
995824
409529
010984
673534
789179
686166
443377
215096
474230
788228
943680
702573
291545
377712
536499
237753
203591
434793
005335
008136
077049
948054
687159
582442
572230
988631
505827
585890
272391
467535
398961
464821
365301
699450
891793
589047
939033
546413
804822
137708
725945
