848086
034387
409149
895621
175329
193687
628431
645720
954703
069431
254805
986548
363426
285960
790767
464077
399593
585566
295061
730645
166049
752784
462269
647770
745494
176072
140319
821705
982378
078195
929383
586674
460493
641822
363635
965559
709237
960580
803980
666311
836910
397256
277217
081089
824009
296041
639644
255888
824943
417342
222119
770535
146312
520504
728028
442178
418218
809621
174511
626408
197004
649012
875358
245046
487042
547127
300773
000574
602590
458548
150083
764406
841735
584997
266237
613941
556368
809427
424915
735954
259744
540650
122785
332323
592287
702574
979711
223802
638379
767545
182981
552077
669416
233093
570308
676131
506840
684691
270611
108490
900039
402388
220660
263988
632764
115779
011791
797364
950441
659780
798695
144207
339807
565971
278334
049908
884384
111504
279551
821372
850949
786075
911157
737725
587673
586798
885314
932195
411968
559502
777232
802641
633784
123395
930832
427956
761517
824514
984173
047662
400452
253886
470250
266988
763770
519401
236513
780591
001779
113263
640994
436501
996162
835776
156589
462056
765600
877597
076050
662567
908954
100468
237073
686572
442287
213325
916734
395301
934023
794761
522453
267425
970093
400433
530472
048826
752671
801109
997223
243565
183335
726032
241377
411721
785555
244680
630475
396827
556228
206722
704323
683143
490429
320936
683776
030446
589279
825144
949430
783477
714999
209331
453540
238749
187354
732206
277629
469218
034740
911276
660406
454713
304503
684561
217844
506559
776907
825205
476391
103967
335185
894411
215409
518588
638351
755615
975131
636313
825537
500788
754219
994860
869598
520927
952728
080635
866057
225613
849041
645615
775954
474447
968145
389892
584908
648372
838319
109018
373873
733039
958759
675850
227801
013240
181894
123491
598059
836765
716245
543514
405275
799148
806366
220320
411955
547097
824518
253276
342722
503673
813693
826383
413048
894393
810524
805188
993142
900436
985863
596488
893297
141952
732575
392419
019959
812379
458029
663392
980142
730820
931465
702586
897313
279359
198339
956110
961585
614230
855737
141015
854912
631969
356493
222126
086949
965808
594376
381366
211539
989836
683304
772432
044857
965405
110098
563583
707715
775689
542779
438983
243967
882263
078764
748274
426997
156323
646074
238259
158778
195168
423362
754065
907186
165380
239255
291053
469495
105177
348626
775849
733889
789502
919643
639363
160324
465615
849910
918859
538633
962689
754231
391027
209006
060128
012619
967207
615691
171759
279609
427918
138443
035507
516274
150368
916167
398207
757127
326366
950463
867246
338141
441871
650119
920188
295158
595374
654543
320439
057412
925792
760518
838595
118571
641291
710988
212635
585258
223216
999071
261107
147574
184661
506923
312024
922507
724217
320940
200217
153554
573697
098240
321254
202432
841726
799306
886232
146621
553904
378202
488582
497709
962081
354655
321389
165469
042035
379303
015022
795738
947585
829714
936144
868263
217341
850018
878341
884550
304147
746667
096246
587839
680259
575856
683282
514246
992966
253993
226837
190095
555698
782673
462459
797335
041253
985436
323163
384805
391992
860583
191356
563725
243385
460028
062233
889653
962688
480872
920529
143658
607835
432128
816866
548956
869437
707486
759329
862332
287698
638105
686725
966133
464900
402715
905724
485158
421672
480410
877928
149680
040515
955601
196347
564147
768185
420737
308487
335634
270609
259609
443672
944120
624477
514285
756727
254491
860857
033539
530763
926562
246653
897626
816732
079122
780361
726436
735534
305989
829200
889651
186417
136297
550370
214869
369319
677247
820684
530149
111908
159410
441703
158530
347894
503300
030647
927092
517792
388618
960269
772224
038723
662818
881871
552483
964109
512364
350248
707572
483692
633621
005764
686348
019125
719944
925747
154319
618317
991265
531791
483476
554957
339301
408107
622433
631751
276268
218756
153915
189231
268925
664892
133412
480027
357305
809714
692579
879075
026849
112098
175908
648621
361039
018153
708951
782102
479487
393074
951216
749201
626170
044958
621813
678384
810968
039064
018123
798403
641947
737337
709421
254698
081228
398642
812138
413045
293361
709496
549852
014432
102973
351463
159649
054237
708381
504811
428487
638707
470196
176653
522130
216413
442283
548863
272428
949280
287369
530563
995061
744364
959444
703771
809272
572095
300998
913564
783925
581279
445841
677368
042708
836687
800919
307904
317570
378031
076341
586823
855990
183867
869680
394826
745405
837369
098136
372495
244425
098453
381643
438749
849554
701988
421747
394263
837930
228935
385098
799603
012783
147842
312058
505832
097665
534281
520342
505750
053511
684464
736791
782700
407144
902222
002398
935871
720446
568470
172485
787036
171797
855879
684199
825522
975416
329455
367060
809560
572855
575862
070137
653062
120501
304380
269147
946967
279353
396810
481336
909463
804471
602244
551907
075534
654754
054735
705964
302249
494082
823927
356616
094888
299600
167485
485256
539711
660752
481202
202237
094180
002602
045753
639861
934851
953466
511640
115488
241420
737875
323727
672574
110117
889666
178556
150630
843892
337954
041853
159322
297238
392959
958602
615680
723251
631208
798788
935797
922575
431091
808800
184751
899154
375249
251693
995866
397404
388217
139808
113145
234357
095251
902871
061426
088385
282720
389507
093047
201465
253973
344137
120315
424600
499238
786143
540048
417919
322480
811123
284842
046818
293292
760384
130178
012590
105119
325601
181981
479382
792121
915642
068982
110698
784544
339728
445749
671841
814628
899968
793744
959222
431367
156812
849517
648341
657530
970199
051383
495913
288903
912971
142407
107430
493070
295633
106987
289561
299482
625779
838248
883846
410680
491090
028728
893125
559202
835423
825111
844846
839527
156151
492370
966762
122835
016865
454317
082720
830345
108959
750224
609458
168857
893716
522027
185788
994073
693658
092389
166381
788797
722300
119282
811786
609225
967843
492509
455375
359565
205644
969524
248194
430265
101167
083576
468833
608978
371736
337691
151571
466768
480838
813070
101281
915742
598122
566307
428240
538076
747421
216632
420166
164426
175367
121964
321897
695096
026546
138977
139678
114106
984726
803691
834348
753427
371490
096604
700753
740767
731168
114785
113670
618105
187541
671299
832621
688367
434966
438509
043492
849375
721886
405212
243272
351892
807432
526427
009894
708783
039978
418451
527340
113749
375344
836975
661745
164125
832741
153655
359733
923460
864670
418884
727356
701819
788660
478178
142105
095724
958979
658358
439363
783406
550852
562346
961813
221770
287690
500093
206258
021326
263578
818717
305072
515971
643973
875898
051474
015310
796861
704137
424945
962298
442672
863694
168949
384820
318906
577894
583030
977771
369190
965558
599568
814850
925791
685199
767577
022664
816083
366060
595625
664589
165701
791767
939324
012822
589160
135324
972770
505183
337704
147116
898637
144369
753732
178593
373245
644954
120968
430225
966979
015090
908734
417160
000644
