959040
113962
430240
804734
762942
269307
644511
488020
253231
004713
369806
580516
339855
963784
527041
520534
316931
797068
331338
421211
865113
040802
582256
857430
177521
243684
244335
376106
747759
877902
266692
304229
056503
292971
961270
259182
202271
299551
928896
198358
509479
592154
054327
719514
593769
548849
979532
633522
613869
920427
306104
306169
759565
369762
563557
722248
929780
639844
530493
014345
529915
116274
855326
738457
849239
560857
801919
015396
798563
122686
266666
431450
615651
216467
183657
553864
858726
462330
757569
867377
432271
093217
424387
043630
111955
473676
996207
680457
438446
333462
078567
049246
944580
088217
911273
605732
016383
587751
442779
995594
430649
111516
735647
525594
995447
592371
282230
361226
647325
248162
879487
513517
987083
513171
024687
733188
206686
277570
465092
378095
154975
860714
833311
620152
573438
752210
939980
204313
909899
788705
881716
988341
674330
633260
730696
972939
398496
156277
592924
277771
667345
213190
780209
214952
426548
691709
360739
110401
372931
217246
673191
043131
301013
381131
687099
296648
762325
103353
991454
584952
823182
680768
913297
173779
931058
958401
766047
648415
091523
975148
467692
704054
655407
676497
039135
254227
692856
333432
038101
893478
532706
189988
996996
412844
160421
147023
948810
785467
541688
695704
983558
773724
653768
417752
203317
740469
483401
591134
845433
112185
726575
697237
083005
741826
965358
742033
075924
661337
812718
070120
639381
125176
807510
262274
205679
766001
566776
575499
905620
955638
332685
583804
254544
091020
098580
461481
713087
262337
405030
872198
578853
673206
667269
428134
283506
626226
606613
940232
418965
056741
913090
053637
175178
835970
425440
061622
929230
930952
090642
852774
102774
047879
412987
551484
998386
317387
827462
525112
360775
654928
094203
580608
909764
012153
952551
000882
006010
219104
416220
923545
398062
670342
090669
119489
002203
844523
700084
640839
488993
308524
790340
006461
990069
026453
386889
727297
313240
332009
841967
460174
645554
492933
245563
178617
702262
727176
150457
283655
549812
860832
822552
573984
097456
546673
700575
539349
695740
335447
209744
240707
444971
476833
070541
148248
218500
635150
122369
755627
310217
033169
811317
951989
557254
980817
456470
770450
988238
842023
293466
599815
313702
581273
677818
713681
077686
567904
929994
639161
780591
400921
104778
696713
531659
660192
605260
356118
479072
780407
224504
733221
446689
523618
207351
364818
240944
066529
082924
602394
425272
411990
531766
551658
617380
194425
063370
762300
672619
506079
591970
995072
775226
235385
303156
285806
008906
294534
043646
962515
531532
823440
478729
203547
031260
700633
815405
305803
057973
584979
308951
977363
375491
180984
193061
862882
108489
662038
063274
085179
017145
808312
867640
865464
932047
152043
312713
394517
118298
098325
394402
087801
036043
724693
968637
921675
354497
260347
031065
829009
383916
692054
434514
920618
603046
498530
308780
592759
180843
811101
028276
711874
687205
180993
271857
329555
177448
593593
833028
122083
703709
608691
349947
334238
795787
285086
914503
415346
489059
498018
632847
843659
186100
093286
534415
958365
518866
154575
576366
042195
082804
622639
961665
671652
659632
822597
317038
395493
343929
078571
163458
854455
923473
421475
118099
129445
226480
781371
313530
827700
016233
286011
817402
743282
816788
184884
225130
086915
872957
102956
275219
920995
828499
725449
539662
912422
213925
272264
052663
697162
839241
983076
062583
914288
731899
905232
959535
460857
482480
475461
092734
947452
004530
759874
049009
428632
220891
844946
116724
257263
071052
692087
128284
632440
209130
079658
738450
014552
647924
561690
946191
351003
337510
286183
166388
458512
057076
648250
976520
765792
243936
842373
037248
223629
459028
855911
408890
719940
340629
745308
528226
674694
088622
243446
317503
827134
887216
898517
319197
788644
825270
005104
156549
556743
475085
361240
364103
445313
708291
637093
165152
907842
603836
564685
109592
780195
613980
881500
115576
873893
051087
165288
848412
105719
671756
663581
987767
323776
175807
303166
570163
204254
120020
016885
103625
389989
076273
717650
713755
071163
062654
895978
497171
787997
136216
478342
381072
833263
607675
650001
889908
970822
626998
599095
591169
725614
099934
989254
475223
451681
184655
105644
885573
882621
657589
552284
507756
302465
768835
853069
921276
020645
607871
809001
438915
051744
653525
558831
680307
226614
721680
224352
140972
905503
068107
939490
420822
442780
457912
661144
713637
978925
366884
236926
233009
498246
626158
869245
339743
134897
380810
364715
332031
977809
693919
385046
427730
410445
431663
752494
590926
756021
679873
768391
220948
473396
724334
265950
768949
508295
254946
000305
768708
301294
020760
336407
563349
568728
835938
674421
508719
626845
408970
041088
985322
107315
330630
036972
848836
136563
057887
715568
190195
059709
890667
602453
166459
874010
872206
657661
714876
992293
766634
190533
522956
533758
102157
181148
889487
003630
773227
454604
996780
563852
541630
994664
988425
161709
446568
639297
419471
318836
161908
808598
178245
936939
550323
424152
345489
525465
150111
640019
689692
984010
498946
781108
851157
583446
485060
254045
544961
062132
699278
593082
352228
095549
056169
049910
808128
815656
794296
722215
421798
075601
780563
226481
949053
122426
009308
886663
017302
639433
573609
403958
437661
203554
789330
446425
824067
353954
749487
072234
668015
078684
293596
286474
118883
649442
982366
717210
379463
747841
269938
417114
955481
477138
949016
318949
886517
169833
887962
439680
994233
355020
643908
325721
235939
772878
179734
891530
201095
801718
553417
524067
641446
138891
074563
927065
587320
275930
394452
570830
523730
105120
612380
624170
644520
697981
093355
494204
156618
070872
165535
775207
646252
987312
352194
686994
962065
034728
535540
052234
039921
878882
434125
035592
197497
382580
796499
695868
122296
433845
635520
831004
156186
340977
162506
998203
856932
845322
626041
209817
366514
513311
477914
154444
202095
934229
518453
454125
466729
790708
116217
244303
142074
802882
093384
604683
358038
805801
342420
549151
980763
273378
030291
286265
268113
573816
459217
377782
285918
912712
712568
714736
206070
224930
403473
140905
305873
309667
905892
092380
918730
459486
125745
864639
745206
996761
560397
307597
591166
383855
650158
094397
807174
639090
245732
206366
517505
292009
888509
427507
298044
318795
270109
394424
777928
346425
912449
024038
704831
568011
460443
903249
003962
945150
861341
361594
445574
306081
630087
486865
067278
384153
860433
834002
238146
831086
535029
765721
759350
705689
029636
936934
166933
848294
020051
079858
757131
408601
352262
191789
753797
002284
646839
722402
650499
179928
533239
883069
912596
468062
338855
762605
744109
133824
874781
325998
935227
193967
338819
333253
280686
428247
727668
662800
155549
454228
768292
553602
309182
511799
741153
126719
022900
493116
251145
939061
403471
019990
714108
182197
