318547
457933
336331
147976
475393
416075
900557
407873
558876
525949
705708
038239
450503
307132
995420
254931
113574
011926
863351
285091
118705
239357
874009
261165
576385
755421
609028
535572
113284
418734
511742
330998
488194
836872
562857
750014
709026
229145
063447
534196
865865
428663
393086
161871
223322
152723
835412
289653
649741
787061
475745
236015
466743
207733
351138
906551
548550
756984
607014
631813
124744
592863
348800
704228
898664
901715
492231
576089
894279
220004
416571
659100
976747
284317
575642
857960
150063
574366
939619
333025
030276
119560
541405
475997
951957
926305
711157
733667
495943
301661
188904
867222
112855
947152
507007
612141
111275
244426
468849
287774
550850
884602
612066
460730
927009
258930
118995
486550
025386
895031
884290
476098
292709
323563
675094
628701
854421
048763
930877
644721
817629
722693
420485
076860
267212
089643
892829
037015
974081
074557
003268
318390
283394
164042
006404
914527
325752
556486
718398
642097
037765
997937
490895
060293
272386
442036
269317
513981
008419
633194
182866
404044
695416
254737
644685
732535
548134
166402
167027
169056
400106
092861
033987
390651
146468
679624
461224
453737
031291
798414
290104
889519
440681
304244
902981
098813
793635
256389
540153
093792
411637
063190
606412
475469
951145
057773
678583
958589
090197
727935
928507
176475
009585
625085
371324
475968
718115
675739
569850
457556
485140
593378
409310
365902
787205
386555
853754
043506
983357
208361
546226
253815
322548
929293
305396
941601
157798
587719
090693
840700
993193
760631
562614
466871
061087
446764
761377
353980
656916
144716
193187
055070
765039
921734
302764
252223
162966
639532
075549
178329
816116
344521
592652
701510
168706
759089
241383
014374
841529
774975
878788
253775
359722
428542
813850
616314
115419
671153
294891
140830
321217
107870
702639
719837
192385
979707
155238
357806
818750
247419
457393
526717
154598
874425
686817
419743
974474
018819
451981
941562
663587
550849
562557
473106
199501
370405
802961
237279
866222
018599
392406
709971
315139
318985
683896
607062
638964
489537
035724
208565
739660
980883
049235
447058
170939
788346
983687
644492
736867
024342
596496
419316
273207
374924
670880
190772
869048
236881
575172
559240
227337
121039
188597
482285
998243
759083
200651
466428
595245
414788
601252
175196
363632
614338
787755
790862
549267
030709
777861
014317
893985
191927
712664
151223
413804
499763
736916
604064
894242
996526
051453
965162
801075
923175
559513
611597
374271
171822
867421
832522
716240
867355
603930
329019
787641
048602
024425
858104
191522
405572
118999
802553
967377
675489
625187
738380
492432
536684
721761
475375
842018
297058
293123
193822
325846
080089
140155
738350
512365
847523
532378
168876
332328
374904
167042
103449
072214
156754
759641
695798
080473
458412
223906
011214
643530
944733
417315
714924
085192
844165
148665
969556
999402
522385
321314
869008
535401
529544
336508
610244
054541
120128
426002
341938
933664
239106
970725
095806
860991
872872
312130
733094
498536
555929
785517
049444
055710
328022
125657
919303
035245
625597
046404
849133
828116
029248
973211
151198
651870
763990
772362
411419
968944
592073
937334
861360
932159
610206
227226
812849
489729
855170
556862
866302
408527
641907
051143
449959
919953
148014
460725
428577
984974
544446
289106
933143
393229
114497
982753
828930
740362
544235
002710
219945
568194
215834
553854
773391
698999
454814
148514
664932
303724
734160
698598
454029
020000
992703
519885
060704
059448
677577
688298
399846
894408
368437
404594
593107
360850
879729
739119
630747
492260
930558
546834
452595
149033
151832
268594
533190
142094
860931
114947
401953
843143
494235
403041
998931
125113
072605
081728
090225
198787
158776
547840
587917
096060
202385
951205
584500
884098
663325
854981
879958
262887
734496
515364
416471
173710
844368
429928
310825
799315
059958
169583
588546
948250
303925
629715
172891
973810
198073
982649
253006
293992
399796
027597
856120
989660
112618
741343
898092
837885
851647
917573
800288
919776
771361
826646
743529
040791
740980
112080
641271
918225
928754
314198
808028
697842
387359
237338
221875
896083
842807
361938
445410
864420
712410
538492
301050
471462
894649
940365
907932
651271
843322
180627
141022
724660
691468
784779
080164
349154
469688
806819
031058
733643
035583
486817
031216
469194
072914
701941
087448
728780
821342
022236
559203
533293
752779
720978
910829
386618
772872
773488
969115
642921
789290
992695
243698
667629
252462
745352
316682
233617
639644
952752
919405
630808
371798
235345
764604
913830
547542
889976
357283
789272
796839
001546
086625
914847
431220
885222
784210
593976
934640
270130
023048
579210
968029
432262
506948
106738
345743
811605
703119
034583
038794
955623
246167
614744
304088
781271
880465
885381
422673
187105
176302
299677
091582
871075
170107
340277
888713
554423
205842
858987
887292
851838
960721
457181
093526
131794
626147
461051
603083
271894
116557
635012
257447
897091
147167
458532
735966
145196
647195
198048
670651
587700
838880
433769
950487
994847
385493
930042
430992
959665
524306
978330
068518
875062
894528
817236
265535
463194
408424
754340
074191
645538
266847
293651
431104
194916
197521
809822
500414
538882
247021
757695
143821
415349
736874
490890
151464
089279
142647
323270
965979
576689
709881
358337
583939
676678
547956
486845
552496
322765
823930
720925
898905
354908
132923
143622
182257
891711
041716
440164
564773
898520
611500
646041
018821
126358
130460
926190
923258
234570
135632
926056
671984
191046
741591
371048
329795
265346
224716
781940
124582
142336
508372
954722
062458
740112
882784
423435
496204
825585
587179
793136
939932
493675
443931
461893
389970
769152
688345
113411
584216
981764
943324
568847
597177
556192
721526
744506
498885
015279
685163
470527
533480
850666
375372
879898
742325
750009
794619
123756
953591
634271
254327
161201
131039
236905
864115
460774
197397
773757
741391
799795
057998
603118
058715
047646
710601
796077
917418
645118
847836
953702
650372
103515
926947
455691
697294
847322
699761
568175
425585
869619
876495
558600
941040
319667
273673
983461
012014
098674
086645
853682
624696
008908
643636
351660
844924
685945
109939
575434
116900
838446
494566
126401
966869
061728
089271
109349
448857
909487
550632
978191
575562
567205
954987
280033
315578
477586
327689
189398
884838
088614
070520
995796
162365
235426
724694
086254
870748
862889
377847
277953
229700
502140
797335
192204
669692
393593
302057
026046
953023
786531
438124
811780
682938
574650
647890
448199
030515
314204
082010
771795
589881
362142
153312
930956
748144
971773
482555
375207
691892
281105
290468
599713
551985
208699
775930
918470
091010
402322
054040
119188
405840
714169
815353
504974
804432
860557
273579
415981
118328
830300
479884
155283
000273
866502
826629
833690
356194
848397
191339
450878
736120
795035
189560
800509
453300
289165
000305
724757
210964
929495
785075
732692
152879
458830
120282
272332
582594
861600
779079
158855
725524
