771860
370576
469190
411471
863992
723304
926301
884457
809606
327764
005182
883352
040009
643743
218198
694580
510168
591057
013702
683124
746796
993391
120793
761908
318655
505966
121848
574540
761332
354092
260016
183825
907259
944797
752553
908866
832771
484624
114873
604600
392829
400160
269541
771710
138591
656315
122774
319109
342679
744781
329612
151602
234990
482277
496740
235383
048048
021428
538359
298826
180230
018956
976675
388396
483522
701721
872408
722031
347706
377053
807410
207001
761134
107833
316311
271440
078173
973397
801108
498505
936051
937509
610678
854366
536023
658369
330762
876575
861019
562462
519155
110095
415272
560732
308174
863142
662752
257833
114066
679408
016133
608706
720914
138939
117634
857848
937865
290555
093539
722812
134061
440599
463502
008171
077258
406490
299173
515202
269563
124281
958671
603758
779950
388440
971392
672644
115606
210095
168895
696727
511627
386285
840933
512276
529290
710351
643013
447400
127224
748468
911797
175018
959525
138534
055200
090682
242417
586352
459704
253043
494290
283830
795477
147540
978553
373529
584384
192571
393222
488770
678189
319995
083806
017444
120280
042469
181144
011057
026441
725377
957523
069428
776880
816134
995821
554724
353663
435507
939262
837432
875143
387622
156475
155677
476294
730951
326692
386395
008631
295086
273605
785739
329269
083387
949766
522727
526948
843590
946119
648235
883757
992279
506793
750228
357708
253697
968102
160357
506124
064019
947192
683980
793831
896882
987902
978537
177365
663609
585530
206353
753939
755081
014440
048188
427609
712295
460922
896612
861689
578552
057672
362078
764124
473976
272608
366292
970626
427430
842280
793398
737515
323548
189140
196931
402164
636886
943878
846159
128322
184368
142072
885939
173601
258218
669644
794193
380567
213393
806841
971352
954065
589369
131103
597788
509103
375639
462601
835490
934493
277875
093384
416349
447859
578507
427629
486308
720326
612246
822673
917733
592571
404270
175799
504897
364611
099076
789373
088769
180794
987933
104790
547955
671197
927522
544739
272277
486952
157092
537452
540928
445152
377526
213904
075462
154286
231562
891258
613641
971344
520255
127211
555235
064684
825455
494279
211466
942025
971510
308528
627602
582810
799588
656168
805762
645960
268094
066261
159145
865917
256474
024836
556897
315387
065168
671603
417877
165842
956160
170661
523715
046932
544752
826915
339608
667851
105547
641127
102789
071098
712707
475271
447345
543253
150144
008885
529016
487985
745753
804229
087424
156302
576177
370835
289064
388392
206288
648564
438238
593575
611275
939416
033480
933235
581067
548674
467128
330362
779165
834168
448403
870741
467948
353615
469364
254422
086842
505883
067335
977071
089891
386726
370798
879336
974707
473907
252021
205122
554706
504030
216135
213990
604564
179012
556371
030263
506083
054955
241728
469429
602682
080376
429820
771427
851763
463927
443401
835541
181405
949699
175218
749206
301437
442226
422586
936575
501488
540574
957729
132370
555073
373377
862389
085100
897824
413863
735380
994493
255993
380318
976712
714249
288149
688436
355668
887258
121808
158741
407041
069771
851679
116487
768797
006655
767763
535251
705638
009333
417824
497556
775747
573877
534652
838341
465381
129724
454076
673023
048041
968782
972353
552471
817307
180649
561905
378517
222840
760789
783612
133752
451805
273184
032032
924755
226141
595633
860817
935947
450863
455546
942876
744688
373574
598409
301386
435204
742937
649710
099254
815012
013810
636084
886759
425576
169401
084946
863411
479826
061354
743161
880959
003403
669191
796536
362737
361149
676969
326574
074102
752603
842419
617923
122627
616382
973923
496807
129717
591687
287650
660332
713219
499687
946514
875373
097508
663165
923525
234853
100794
648648
963755
993605
548623
121870
175664
938622
025946
384070
026374
251381
124109
265313
797574
890719
978137
829602
527394
511389
890001
524500
891733
610812
353339
959886
633992
588415
163584
623646
876277
292050
497698
547310
864195
895623
776092
192128
883141
397286
238020
537381
613003
598485
931072
970882
863230
805803
642488
429455
171692
044268
788211
761093
351821
928917
113936
282404
913954
087729
090009
813436
368837
350972
506634
137302
926964
151713
361514
604449
032324
275839
148613
287862
411439
825165
618242
543929
711456
094430
405687
289894
000603
429032
201457
365474
019324
643698
493502
244010
638015
921411
898008
456163
234910
588337
208421
025881
401035
095857
398170
045394
521463
164785
372766
273817
628474
544524
389377
386982
094132
002358
331938
509721
708734
402130
231454
301214
498466
830720
856818
352575
819181
062930
327973
371692
612728
664360
159998
624880
313672
286375
831351
908005
776312
523689
249238
745288
107499
287418
572895
358931
770691
236071
937701
121370
338881
110010
801384
319801
761799
539845
458744
471059
228649
222448
474317
505510
006579
191956
811268
364441
011804
250238
456360
316402
129594
721855
231508
675962
276628
614955
549912
189668
732260
578956
745763
734659
699470
246453
043591
026959
645717
302899
694036
591401
139013
256555
601897
570043
939008
401279
429893
379386
687321
659005
425489
218441
094504
264225
203017
535112
727930
828871
716026
145821
678524
188604
138589
222218
232473
775849
671448
396276
940974
476292
000199
885420
566717
021507
165432
240643
572019
639043
234270
247756
145882
532805
743394
421708
135232
849666
497744
087459
432810
350876
394135
622588
647995
639941
873110
469467
302097
545203
523473
720937
574798
614336
693695
189296
164395
196386
659809
292806
404216
049655
006820
168791
498706
765602
909351
409607
372761
077569
393486
499290
113305
214689
204431
463411
728969
083419
451382
275981
155496
922145
883157
981651
233027
791937
814889
630700
845316
851703
085622
075269
063482
104625
194240
351914
483726
579558
330572
396835
546361
123155
126505
076142
798738
822315
261510
845202
843006
874111
150430
709542
823964
533254
465280
348198
938831
309040
671419
875841
642497
553026
276381
997985
760832
007048
519037
860386
521651
841469
127741
381893
608938
896401
337963
014153
661150
876844
531695
412567
883255
992723
864611
119825
710717
933649
803907
746527
775209
961665
727969
575861
685851
908829
132273
956749
958373
444592
220731
351534
861654
172596
053802
045657
060400
857492
897634
468323
685913
338985
024708
563691
744564
517125
562518
032875
707317
613368
119102
189868
998662
073417
386915
636896
068296
606379
158369
500370
892341
986884
156815
060992
718662
594045
619130
801048
588710
591334
850448
639915
054079
584354
426471
051144
349576
322095
961088
756109
612824
049644
569295
879115
055162
889088
381134
596145
702418
750015
139894
919300
172986
018430
326114
070505
088483
723079
826422
743750
692930
117790
885374
813502
621368
072941
378013
555455
076557
483990
494884
940542
094619
459602
252834
288618
855042
323159
280057
365647
511699
687928
845468
749945
205944
705916
995574
009593
795419
945299
952273
636969
975323
611366
739768
714754
324181
772181
858207
691198
498076
