049027
397084
806963
265519
522371
868035
849177
792205
002379
475605
137039
949686
090046
594563
157888
068520
895050
381870
022059
185574
841515
843585
157796
436062
508214
456008
567803
128648
884573
130864
563456
891654
843278
915981
929738
140007
740819
846765
450845
604653
819286
250107
298738
708505
581330
233723
274051
480256
243875
375443
313241
782423
776106
746821
464136
940535
601255
877429
816638
200889
366477
714906
178393
092597
389162
597551
460645
094000
499423
639280
434667
342946
555093
284390
957216
319969
029076
772261
791972
939023
035083
335782
008094
515938
537902
549211
850484
135810
275877
875729
847726
893368
228379
758046
971569
558960
697024
832256
800473
414580
661894
566080
637252
424654
665997
411231
823727
956219
125028
958695
624894
141522
293265
203102
260377
476072
119846
794219
731273
691071
141860
670428
262422
059158
451678
860593
610406
396791
979953
139443
482926
206452
637515
892017
290359
258764
897565
210958
946520
944837
082988
126014
235713
322818
586870
219543
958317
056703
780997
313990
121683
737196
418986
904636
584044
133380
454822
743823
034130
771776
852914
732204
139942
444692
023074
588926
379368
395561
482374
371440
097013
718884
599531
817237
865920
787140
864852
414522
494592
040930
495955
818949
588999
420537
058297
927008
122346
851972
534529
186407
725320
551736
615420
397405
465236
544451
153331
915253
167753
284607
964359
764251
198716
428628
300693
240990
666186
118228
150370
384098
608546
045129
314161
755238
370459
729446
536746
877135
590059
335990
865826
012490
912452
394318
417969
107454
636549
640972
121423
941089
987695
490058
639925
202718
706256
013611
566016
228345
486113
707534
733110
525878
882965
725688
246139
745686
134538
906339
735732
959686
681135
462775
984910
963856
946603
144512
273533
271679
449754
601888
680895
486382
506227
706684
040119
347569
612910
161567
422001
397739
028044
702301
338430
155419
500744
181369
225930
773388
810549
027912
859309
203381
254615
880998
800428
983518
405313
759245
147916
775245
978423
236959
498328
516783
762415
449632
196064
541256
985074
866821
422698
483787
652310
662845
523174
644624
799366
040287
455440
542942
076166
186672
550554
753230
935642
561542
421592
303888
308144
950597
545798
549956
215907
092051
047123
860420
380973
497235
519960
127080
947926
399049
718131
774915
402219
091145
439962
478102
983031
186873
262961
468841
593726
507726
223158
224704
551095
967653
464476
647886
961786
278160
530582
431280
046069
647521
299376
544940
913285
325070
905739
204537
037277
917496
667607
335402
411232
019894
917773
401349
792328
129701
190550
165821
958275
192991
073209
745369
524850
949210
897916
153396
823337
413724
106663
571544
395630
503561
107862
271768
051428
468996
990957
177727
596379
114300
395558
470173
341232
755986
237106
083924
473079
676898
672204
820040
204338
921861
678453
937498
294351
229682
236943
040216
098465
580434
972354
705214
124498
324851
705050
481857
367432
087287
429910
151407
515074
956619
825970
415021
883962
081733
339160
273396
568267
043582
889912
897188
026991
071079
528984
372614
351473
426287
107365
860952
325069
265747
766469
359798
620710
149949
934817
655613
120016
153342
826541
642409
106066
340361
988462
348083
846193
362835
184012
638904
603085
236847
167164
790958
029306
578256
610575
952596
962167
853889
148502
496704
393177
209923
771469
755017
325017
214205
306157
610858
740762
382584
036346
684806
613242
981211
951413
206134
452625
994168
462073
062881
191353
488323
493419
314975
058369
915561
207183
076724
884112
841490
459749
164959
270351
774467
036862
504455
784365
106187
994249
503475
898820
360076
925902
136049
657704
435909
807453
656173
423342
763983
230461
897573
700328
811024
276589
699554
066975
493263
145414
463711
412727
081674
237752
335720
404975
304374
858826
944046
637477
449143
038614
780461
443150
167169
364772
804346
334368
054763
467734
355041
175456
715121
425252
751362
568799
070200
625493
831423
110431
567993
447217
223407
971583
471226
496597
229022
505115
213323
492572
071147
904851
575571
527303
978216
137436
487913
649371
956918
029703
827841
707217
976097
639210
615329
125398
396862
376703
040178
695417
885696
152005
066649
249105
203285
108606
958545
036095
186544
746863
422954
182090
934634
199019
855352
183442
358306
646638
482986
560360
013140
409988
869870
325529
492333
569492
588008
403482
720592
226780
029196
845165
693936
348012
421971
198960
337335
365175
073481
089438
157422
094904
775091
234191
011304
118645
376905
861023
340274
690450
460974
521409
130882
131748
220269
710221
781756
780687
223137
674690
876159
374643
437983
535440
377205
082632
207441
958887
632475
115042
106478
771235
324872
581437
814989
948800
817219
750397
799910
485174
089206
540633
926626
351721
728823
766241
368046
565748
938939
599889
633364
968217
199694
440211
803440
688136
452675
081187
224368
151298
072447
379012
077298
880931
438845
855280
886805
812719
298365
704363
162392
992198
584414
426547
697771
987087
351530
631668
347536
271126
027668
635872
900463
152199
885679
786579
432161
628479
947423
407278
045342
991031
643889
754452
833759
451162
433733
671033
140979
375328
002359
474677
857813
453184
524750
686790
975902
404265
132553
693913
248327
201840
880616
822472
533718
060892
994652
661106
257329
796131
313874
023724
978741
489836
291528
500060
004963
940074
194598
195462
122623
764472
842559
295073
987140
452097
139032
880226
714034
843773
254422
068808
367056
279261
467855
265492
185814
429661
150340
919946
387741
096156
316920
643527
699099
266434
324543
946327
401654
765697
658355
709187
258400
763904
832190
208796
737338
782722
561164
600149
159373
959458
780597
526322
824067
801096
601043
935677
796630
304614
039786
227302
212967
413031
790081
507628
973222
009488
936318
154708
660136
191482
369783
950229
825791
441169
730674
236580
435853
680922
118695
757596
250796
315357
886445
703095
118018
740314
492562
259159
231262
022667
765574
327679
157129
850317
259935
583023
711099
232372
622189
844514
329690
768959
646229
506124
717299
739225
601689
248205
731153
787894
568254
153981
786682
198972
145551
881996
132904
143767
091835
247450
914735
194917
686544
750366
922851
044115
992968
302475
814931
687294
970614
613802
707741
129761
942018
654836
991579
954607
105152
060431
152796
431923
606510
541063
816184
480403
326026
803894
211009
922750
783497
728845
666348
487835
657491
322732
742162
638815
019749
592008
132853
744984
526929
258657
773136
424998
573973
863066
285673
999730
478658
621372
288334
467685
318008
117501
611769
076550
708200
452276
807248
484907
650245
940539
492293
585301
060935
774627
974338
458692
570489
313687
510840
685644
588626
171510
200799
517693
334700
972856
849412
459570
571833
721716
401031
831554
319287
973726
514032
047822
729890
380965
689491
538529
777793
275004
244237
184347
005636
995007
503130
468707
292843
611397
446263
776636
746349
021870
628291
800684
528843
786240
915228
594097
349785
485841
927904
772387
120278
563513
330784
