062187
814451
151590
156360
604198
073688
120351
962653
349592
162420
845393
154357
698623
403948
459158
633608
347066
597452
259111
928480
163140
882010
658731
516306
067976
589564
027544
773381
383481
311184
654838
342832
810333
419776
592509
682601
181981
665705
455373
033382
531602
282168
343325
999866
972804
622842
933996
525356
039351
577126
053943
563703
076839
778970
561624
578505
320430
767339
207595
412089
676684
391868
758125
724265
362500
056703
492514
456575
724787
237416
350641
517929
090808
591368
790054
949843
834635
013777
647385
276298
402792
055989
339611
107686
082006
452833
485191
330762
430468
372733
266203
880305
573696
123001
846650
680363
014249
259900
600451
347521
931769
770834
732146
010237
116967
402420
203789
517179
275745
411074
948468
295583
661298
245234
431843
419429
716437
667074
964182
354558
342422
080348
366427
752491
247773
140011
701430
189435
507635
201752
953519
745293
019367
457787
593098
979662
863540
572260
865973
198735
332661
182004
836051
618206
771911
909769
642873
704273
943489
893746
267535
705613
637596
072603
556872
677696
886036
496861
017849
060571
738506
456058
601754
418886
800215
703997
187071
911576
664705
346091
512130
031972
133069
570355
444149
226103
216781
748794
910502
618948
502933
511567
231106
382077
577875
040006
685554
343102
777252
837930
954043
664047
279775
622654
706382
572115
574328
843870
387199
719156
868645
489180
336155
792140
547255
240520
731304
608588
263966
035124
128159
154679
124244
172478
588739
577880
679521
843054
110093
350292
076289
586857
500593
991301
360740
599929
916466
739299
575026
958534
254250
546501
612755
149848
953366
437514
447781
137614
826409
820107
796014
984785
491877
425424
758744
871935
650972
489994
744016
698434
121533
247403
577600
930999
076088
016192
866168
457912
030770
514637
229897
321027
552794
039746
997924
232624
070405
051249
018812
440357
195793
595678
600771
449234
977897
131348
627336
720610
980551
506399
923090
622277
494536
074319
355741
383050
690411
474451
556543
919796
916609
423326
752544
621027
361012
117897
135280
715763
963727
892162
777393
663090
794533
712667
302286
616899
711407
077500
611167
079718
515964
754660
545199
737947
348555
689024
579313
421903
278016
923392
606017
251801
688786
011225
391790
640716
987470
942418
208466
272097
063975
375417
287771
903960
350157
611843
738472
360922
358330
830801
574093
781481
144466
035255
280584
836276
454845
195944
411578
384369
134611
276244
206569
202119
126727
321620
171672
377842
575455
560655
324787
253465
213918
655722
216759
923125
337862
224865
416263
646733
194464
762767
570808
565042
686072
366462
046699
233502
410984
337252
708514
708797
821922
833281
988648
051051
555701
203175
857828
952728
953297
382391
810686
213361
706957
233782
268662
311951
343635
916807
521799
966470
926346
449273
047831
083100
822104
226613
453483
080440
224318
531441
089858
583627
959204
495370
659555
196649
308468
589355
491993
595091
653307
630851
749155
055353
006999
832657
130275
923201
091585
803839
913835
686200
163696
311020
008578
301751
475639
964479
875997
558360
773036
445985
144232
487842
552193
722949
411538
673550
898993
341806
161740
094133
922613
851647
139637
407620
145651
473081
954109
994888
375436
730165
060870
491278
850758
472504
704256
869832
187420
672455
262812
990569
970349
212748
423885
053780
238686
953198
183307
028395
315874
591745
829574
622951
110808
140363
142360
808265
317728
665670
573705
609420
443460
871948
519800
902245
020657
547445
713104
539337
020003
839095
797838
505510
264032
536905
572778
252538
097671
023194
232060
812261
913705
967184
927994
855132
541699
482154
079822
546433
078246
560427
906420
703844
644403
057848
175329
603554
742817
342912
420029
590573
590697
340915
448163
188203
270499
447682
992632
369578
561176
100760
615507
400850
797023
302569
823439
696995
838289
809772
999340
426420
091503
765457
488871
203396
128882
153819
646219
533989
554018
032121
677081
801207
782422
915709
519768
615711
422263
336201
254217
956497
870403
118271
628368
511364
003177
667854
784033
140405
510073
952504
018857
009860
291647
358803
255877
171102
414978
786410
273926
669470
189307
286180
881296
007718
245836
935988
980593
444655
547806
326318
996663
387174
735266
858124
634869
530756
678132
777324
510220
368376
056941
486050
855278
397272
163418
544742
907720
720906
419097
835176
680210
240467
322279
627004
261875
738390
689670
338447
882715
663378
249001
629455
937826
619292
105949
182783
350557
255729
940020
139826
991538
750416
790798
082632
001005
589758
444308
280735
768960
852735
580847
328118
809389
447137
567300
122432
520416
654941
391429
497339
517692
798120
665067
962177
808126
944150
351725
458393
194206
053852
628239
502982
994149
006425
012090
527629
867601
998245
326390
263733
847902
001755
111452
368809
359760
025957
191938
183089
241415
939075
737663
456418
195955
062370
393140
511169
659137
899022
993887
828003
436787
240836
213734
535702
607443
674379
431922
936350
996760
947061
507401
054942
964466
616492
523794
745537
564169
078373
515661
156610
572087
303471
959612
345704
012438
353666
900202
089022
176707
246261
422913
754514
015311
553214
573964
393864
818705
151532
140446
497339
275002
242086
216230
329499
806782
737177
370297
552458
909976
210602
015853
429005
259397
412465
527035
633479
655425
361709
248435
004565
506354
659243
064068
279920
519720
853741
527677
640330
387881
510672
848644
972031
679943
987551
835756
614463
471458
184227
998342
922293
832131
447230
199787
222638
661711
843224
792369
434318
692270
309401
698917
610047
447591
643443
911321
803068
015414
236255
799913
981176
929709
479142
804157
498320
168241
250220
097895
779880
900232
234294
484639
953418
894822
199149
304074
771811
643701
980021
031672
665612
837907
815469
997969
632168
356545
481692
944772
846171
853838
298668
528737
641062
028163
557101
316371
618151
526942
461259
419968
516594
273063
749902
023792
929361
523053
192861
475656
419659
204162
321463
209619
913303
382264
903131
162715
737776
924859
786245
602354
113032
926788
130673
554881
804511
061640
671319
528342
559137
092523
919440
535719
076376
428666
171390
435695
519128
461850
235387
205666
517226
184485
335666
970300
935537
714168
737736
400753
337080
926840
274555
073669
798774
905855
984879
381820
761325
963801
553330
332526
256465
392649
864921
946548
311417
922076
347539
483420
101488
217347
760861
560085
256535
355711
723880
427644
491880
563502
518884
136015
373045
820971
281683
521319
736814
706926
292129
728881
793942
450139
377659
133660
544623
432192
363568
503525
956519
624502
843471
181849
761238
313952
017894
975331
077616
247245
232581
538514
522307
782046
850807
438665
730596
453273
809005
260077
058040
963476
278718
199679
728767
037843
887281
534939
281055
190713
983177
687148
726849
275635
664772
040315
261201
891055
815225
237219
649137
755259
184616
739190
531624
185814
018213
665951
860697
592211
791221
594655
829172
186102
598172
054819
789947
011133
161427
579598
811437
