248334
511313
915770
891948
228480
790629
248437
628255
008812
768518
610785
992256
338774
276617
649954
035292
873771
909137
323351
846696
423307
091972
484981
896392
006724
061201
993242
968534
882579
336103
149212
438771
972730
563757
303410
047614
565000
694110
644541
391247
286343
330072
630802
171863
514742
591454
479951
791167
517361
042540
995490
858677
112049
184059
728747
862629
683020
307035
098401
170543
517835
720434
012945
265763
252572
108606
695305
637255
155741
838516
594684
754073
058106
187986
737972
001372
186285
002066
435051
127564
668033
901868
433414
650184
950032
461114
275490
440490
381918
609243
509332
204204
708467
155084
364268
209289
714505
121296
978523
225100
193587
391693
838445
718108
155101
407582
567087
954495
587351
285587
415723
305307
213843
040290
244521
499598
620195
695143
744098
075496
462994
525981
369821
496410
309594
498621
327746
932486
164196
929384
416434
501435
839367
280875
984394
362619
868497
551267
517086
041270
905596
752796
932385
016108
101823
004899
392814
990408
339035
717737
373134
404341
814480
322013
790130
929598
390525
600895
490438
643339
067994
857296
780101
077128
972944
032240
610074
628843
070754
019267
108705
066979
408312
422556
738272
103683
165567
043809
059317
842307
815445
726083
211629
495803
962765
899629
882665
362783
857609
058376
881534
543393
961947
493584
473322
715490
055486
013283
520900
229767
083510
389284
030823
474123
387983
031190
128356
576177
429338
527307
564283
943096
007846
776097
665323
815329
897596
314204
519377
541302
635975
637632
744143
395309
085193
390600
562621
385894
404662
933528
756763
631647
848185
345766
558706
102733
487397
323607
773001
988469
398761
449396
447298
401788
463877
546499
821846
476897
835428
353620
028282
698365
274474
656359
609696
443487
342933
070850
121812
289467
518696
751384
217279
199268
827991
325783
205279
617270
872662
569995
453562
915856
333714
260715
750710
237664
235302
401497
194725
939672
774727
121447
835525
289690
219458
563852
837630
982995
225193
802703
613113
553299
721995
732178
857743
656635
006857
763057
474181
675281
310738
365423
988628
760589
363579
814307
141827
393516
003281
545178
686286
252890
189362
760128
128284
295504
242422
642290
073327
528889
459893
265208
619261
424977
591173
786808
652592
528888
832644
199146
666998
778516
923190
495643
193187
713100
121507
471570
004241
623428
130820
012796
443478
164439
092511
295732
473804
049913
760702
213273
624244
465402
656080
220820
751830
303376
440988
644570
062666
637427
535593
536252
367100
366185
267160
087016
716478
556445
210374
528392
723174
992424
158270
027949
851389
075063
188630
909483
549794
186048
112663
307732
806684
700415
538023
583678
110767
732336
252700
507921
785854
688203
052225
121304
734980
882314
117022
483049
379580
473218
862592
707969
545395
820175
226087
032175
720670
892200
055311
930669
111009
745857
945230
198954
497152
861098
861708
441210
753354
389675
792315
414991
468770
629158
190715
115631
944269
980480
999527
641294
897123
856151
068963
745944
908877
670232
643396
897905
657411
186805
103861
902347
405909
730193
562981
627730
133388
889594
396149
380512
229666
300456
711110
053159
879221
028448
259405
330251
998969
204847
213806
646124
904914
546353
102040
966149
373865
615702
944023
796602
466891
996725
172157
592568
552507
721796
315423
799344
202873
769900
784801
067903
028019
068447
338556
393508
980835
149315
922505
887030
367183
909120
407999
690744
582611
534795
357751
701936
289734
615991
800892
838741
408483
989209
501194
709830
039666
298069
104711
096414
178293
212441
835879
910150
548800
657951
069840
563172
882917
902758
913663
673305
241074
414384
120577
926085
114258
341752
326742
081295
630816
697457
010230
978965
478460
023044
941268
761119
942468
202131
532936
632560
479314
253799
922317
386816
469201
844895
050368
024375
326876
269960
733128
338003
869748
811754
862733
963547
465005
135516
286953
340662
699784
294811
352939
913342
780345
631708
821791
339422
782694
335410
097718
841608
107110
415473
986559
825883
113955
718331
866090
293913
571303
676041
751348
053829
617220
827239
096303
030436
717276
273460
070759
595948
958337
124321
107359
075617
259653
477848
037101
307141
523996
795732
924136
979735
882023
741091
282457
964644
191830
860740
427770
308043
911214
366910
055664
734055
971163
213671
816411
816018
574460
171965
639118
873878
663901
839781
955474
820004
734201
683641
977337
917125
199981
380895
170658
092420
888615
525052
042489
203507
927179
063209
542848
838777
367452
870252
196499
551391
072335
200465
262717
832869
655177
501523
179680
681414
948309
530404
806717
068892
343469
607908
275171
259441
478379
655645
557067
128394
092731
965900
395547
989241
529344
161839
733750
231892
527312
089245
579616
287913
947454
062522
471745
264360
645014
358184
388144
717293
089352
686585
882550
729064
600567
825979
827748
488374
885716
991082
334313
860127
528297
496454
006897
805791
332155
072264
188429
438414
640035
593269
511622
675860
975836
388788
576028
096721
283269
032644
764159
256293
313333
151856
105910
175985
720805
709537
279290
545085
402093
247478
684552
747904
547055
076867
602196
969554
586622
742674
767429
021582
954537
466251
385472
423142
544062
196456
414302
640847
339994
166506
271263
282149
453590
439125
252330
959015
038102
300222
474747
011875
751068
635789
769350
641936
589002
352940
597531
496537
737029
341633
545146
507511
012604
680028
331953
885940
552427
234881
310288
357624
840483
067996
752897
942656
915719
333268
338480
225209
157206
627778
026541
909602
171683
723261
896647
753207
948615
662857
597798
121238
695914
084647
404022
369316
045428
293882
101567
949950
194920
739330
688940
019516
131139
912256
680707
587436
443035
272177
807418
962077
499083
262656
203398
499374
268305
056349
724097
162441
944750
241718
459876
792341
037261
482473
450575
559939
714322
398316
180061
132081
080030
186202
002241
832234
156115
287031
085865
134969
158257
602423
154353
443641
762539
331735
075809
576885
127805
404691
318326
920043
420409
844400
717241
260030
950476
521999
662195
042340
573883
625301
643556
920159
285498
277618
238008
134798
637432
615484
077791
235587
441245
074299
199539
338242
641297
875541
841026
119255
631179
918425
383011
258886
967101
215482
885902
486209
009837
962642
315249
877233
044035
267464
803630
947605
221222
900310
734903
231597
725173
407298
691259
739525
790791
455860
837236
379116
267270
876007
784785
183792
334524
535019
808867
696408
000863
385911
282225
035469
430614
306339
744462
074751
923943
811507
319835
753767
314864
251632
329012
902137
074740
046692
371525
216156
538600
322953
824614
724892
442310
565020
474883
492855
327064
149618
029284
786526
661365
753875
298324
816437
923698
534404
405297
020336
361921
294516
421017
698687
101827
788054
009112
183567
895057
024985
598030
778602
811839
581795
592584
818504
533578
976409
878748
097833
527804
087045
197494
184817
562418
299393
454605
282248
134704
430801
670360
925505
976469
373109
