555707
309750
670091
719375
823334
570479
962182
931797
875991
693350
486497
590071
075423
088816
350607
020497
914235
359263
507409
684555
749743
236104
167814
932924
948519
371092
302172
032826
844278
473303
210938
769186
527466
911487
094892
942387
618882
686144
332995
096781
400586
959431
991679
541683
277701
918576
853105
647578
600606
910269
006752
721234
533043
179434
395320
464175
264450
791773
673025
403251
131827
759060
025919
465946
351468
880260
829938
975009
152803
042729
611502
279927
997069
891505
560546
502358
921215
839769
623251
110165
460030
970342
277409
058819
100865
196255
445127
189347
406252
012652
606286
407321
746333
502532
389939
761156
760000
036233
300444
453518
329566
431312
916696
041264
413450
849548
820196
448757
984542
284916
581193
451859
168221
410110
616978
843245
224613
271759
805449
490658
172686
549852
952470
253566
198721
252783
669356
352760
098428
383429
163417
729482
385938
197551
654363
732562
111091
962623
392307
443254
673266
045918
813589
631906
908979
520991
178181
893624
817654
107278
773567
413557
894896
291500
231934
613904
104610
912236
736626
196876
793222
935685
278795
479156
229029
639150
226944
183223
136982
705318
648593
747168
992987
428541
734403
606237
147445
028197
145212
817221
352784
106378
312445
335268
578856
857650
513580
290749
814308
681068
659604
296782
826262
253481
232583
760389
708136
388486
672430
220406
160216
014748
645094
686577
187182
447094
452651
252499
313120
787237
103670
435369
051943
039380
838562
975695
387452
057459
241594
039933
889457
286871
614363
646581
215499
432793
949193
261365
384609
989732
962592
443632
420424
036797
036159
665780
924761
819322
971484
587586
018332
633387
857566
295241
521195
854356
846926
963541
360103
163010
740856
033651
394544
573929
073312
241775
107178
921351
252880
451861
236660
945464
073151
323342
892125
578824
688281
793632
316440
510828
131454
770758
653981
695762
277032
367555
162360
336037
444654
958174
961114
265506
726280
877874
450396
564803
289526
413937
502826
609769
687416
986957
711871
894141
845433
703625
614761
280778
528280
320570
601102
612730
344082
579766
764923
081018
888881
307437
476518
134913
063701
619070
960731
797275
058908
972009
006721
390782
034153
242273
646773
239487
870820
009183
075560
304208
258896
808472
591370
485473
127448
810792
326889
540140
578114
440448
589639
076227
963855
249008
331319
705741
035309
773502
416627
087579
643732
293022
037025
215440
267059
401069
102561
909211
993332
460331
057602
967442
087791
678350
838246
552792
372292
659512
834904
188506
588494
627376
106095
320624
488263
515008
792902
815060
460621
681993
171167
703478
258799
129105
469461
493963
552991
241147
934992
550676
254597
610075
342836
103978
952201
222980
852723
994994
915980
296566
192290
742512
162955
647834
826323
371122
301552
787573
799428
651601
526816
240333
380345
584977
326894
120617
949764
908704
801655
861225
977354
646780
371699
268281
370096
233185
542512
784466
560380
038945
979850
379238
772342
702147
469260
638305
387854
496096
016152
133939
868029
910338
898241
798053
414753
764498
118304
456335
424336
718316
405426
849385
614175
254469
993402
541914
419782
034080
979622
344374
566914
781940
081619
664541
863181
659103
025959
128333
908634
591149
146723
051877
874830
702723
921392
811269
101311
009198
194740
424929
218380
038667
382292
454147
606626
401449
093693
924345
225767
601986
971612
529341
620309
662134
244702
338931
803703
956752
107818
693244
792540
746417
851616
454438
195284
778380
396590
802082
439910
941913
843290
406882
225167
666901
195641
583944
650941
588192
552799
441443
622176
922314
874014
140687
711957
190759
067885
743604
025554
476141
375216
633504
125298
258138
607052
582740
530979
810496
746587
367983
688359
414363
922000
364066
274227
330882
575061
891392
051399
946229
946468
792893
850315
648015
518862
267124
587727
866020
843546
300192
665041
794229
687488
708761
661393
962597
276331
346350
825245
822663
363038
467035
452392
148649
978239
516709
327003
108085
101272
536957
467973
883836
578849
250065
730224
014067
557762
598189
555782
923953
466273
507077
771801
904899
899048
970086
690814
942462
605441
695691
602350
952577
046784
426731
915120
640108
009245
537679
893816
511340
748345
012378
096425
942288
935864
069772
254017
886267
896623
607387
185041
878131
759594
248108
240870
898359
836382
500458
168699
523366
015791
911591
730701
768375
032258
595185
974161
257979
047196
215051
228453
877567
232625
397260
489402
840934
381132
396637
889963
561567
051969
112126
691312
106067
269158
617018
549001
243666
666149
313905
537627
371526
670797
658571
120464
026339
913723
527260
947642
330115
407158
434489
332359
685802
480876
487701
548945
114503
898641
382582
233401
821539
529894
050079
305886
951431
175663
592436
554090
676201
678493
592619
094934
243048
236470
148887
559728
361232
051338
846426
551667
710853
705743
805301
008455
408045
142929
734069
466020
425311
616675
247641
016596
414436
782758
187178
315518
459030
850956
017324
237880
349138
772761
109631
175619
953257
126925
401347
324240
558671
352487
455948
292293
108938
540904
662167
536700
819751
061019
204706
635077
611874
259825
489897
042420
990270
245342
009792
435407
313851
813727
495232
081376
114202
881687
096584
584457
253056
610198
749916
695499
930478
259714
388613
541317
548020
103160
625829
246677
410848
620103
887979
909687
066402
881669
988790
110280
012399
066549
493486
058090
254096
922370
990615
238716
360979
336533
062325
355941
874125
112401
003278
621166
013671
423980
242473
035064
465227
583141
414245
091689
358249
869650
091522
459257
010108
166035
872895
237160
799975
816795
439271
153899
560100
457589
573177
079112
563134
160321
402570
066189
481368
278958
131622
030101
051445
125618
348453
118171
852749
469735
483208
744296
518977
625694
080093
331069
703120
181077
691923
042913
031813
278854
380136
520997
688396
491707
461768
341389
754583
224978
896503
665221
953074
570505
086530
634288
763497
715456
011227
115002
694130
905850
933687
852282
397906
848125
420548
338830
827958
168793
035587
677122
852613
726812
818431
865040
228578
869209
850281
425144
048464
107615
998830
678792
070624
013586
533693
617123
272617
787494
482281
874286
488353
895929
255785
178374
586897
204899
278791
314678
865736
888959
347676
845886
673517
090520
155971
201029
237371
889414
909581
558255
812797
307430
475793
965580
249641
258256
377184
170111
710744
593361
640187
502544
117502
595321
084938
919677
528129
314019
192015
178460
261806
581361
201730
907661
968477
398556
930937
804973
623612
583919
304840
777092
163692
674757
573751
206938
935581
513187
716531
337055
837909
103877
393972
504812
741655
489931
429207
527157
708953
487789
878403
747858
533838
607340
585158
137608
074674
252455
908846
834223
524512
323710
718992
574074
851620
270210
364413
838667
502922
886526
635267
457591
093785
785100
381811
051337
141420
745059
565988
371918
993657
481647
709281
541019
414859
682522
881108
284787
721686
409137
245716
