394371
422603
474899
343662
229456
499810
868691
906756
275979
534925
872169
124699
958035
875350
987348
130899
806639
173018
783250
231978
337109
522384
819916
747076
106353
972551
073067
264758
441841
844996
180915
548006
411930
879474
303832
981628
106587
474488
919769
099462
063375
976394
704405
839461
925802
754606
836186
705087
160845
943098
582313
052555
906534
137283
925699
484121
007555
988718
186486
859982
238460
336080
784495
721495
737214
523797
524240
567445
142395
402165
624338
470400
575574
876630
572890
887199
458092
167040
555079
920777
734877
812342
028906
560354
358205
849787
634286
044599
588813
436677
367652
214593
287221
103944
791655
526618
568292
410662
887829
579130
609207
168510
896104
021118
231976
371567
419652
407745
659453
424489
133634
946394
474611
658535
018411
943874
901317
841061
547539
713154
538657
167186
952364
572754
275784
564480
545813
474509
341348
899327
806157
960335
471540
292707
718145
234665
277083
203092
606691
384257
041237
542635
645890
513735
914641
574257
917541
225555
882931
459003
843431
452333
592466
304559
740933
958804
088245
010258
477581
472331
250628
706778
670249
823635
453240
844409
164158
835113
515865
363401
906554
370877
058613
814265
778705
225191
245089
430833
294012
503986
625612
166846
076961
586314
348754
457295
722844
313904
312329
057035
594313
243841
133913
939056
728396
165017
702786
394020
939506
992958
735309
423019
672629
382827
631799
760289
160879
550775
198222
483887
112517
961237
880057
578131
822534
958794
658376
863018
378464
656474
145674
620192
762345
604843
507991
267263
094476
324184
413923
502552
321098
632265
310998
960794
653913
232432
987905
674771
194415
360382
456285
286064
656250
636719
580942
642154
075754
015052
169697
553040
665435
441802
975545
576772
148252
683278
835395
624490
390116
103904
356308
756031
677093
587258
503940
326363
086026
810327
877158
679094
299731
442136
582693
492763
226934
484570
970865
541305
984401
241458
118574
082229
905671
819387
025947
369635
952460
396665
694654
501604
794930
440781
040676
732337
305821
256614
032212
090503
916722
014356
951686
354813
356903
702655
493690
286253
740971
058063
150446
196937
640092
298260
227344
391930
587289
408095
120398
777361
061043
429662
076900
227622
979627
641338
946180
681577
979085
483216
995822
173033
359156
592920
980942
944670
510947
953513
563205
969373
170421
573155
243373
390657
709538
958056
410105
062346
004701
351948
765242
188489
668865
962844
503538
254072
459376
358717
252268
593498
098586
084839
393411
984188
707081
935569
077313
738694
908604
608969
386046
867350
968008
692687
598563
692273
003784
604335
249884
035220
987409
121482
702365
891316
138210
283447
476885
837467
439946
309871
083307
748851
207461
455706
501225
400239
565129
114096
978406
177512
168037
502484
664230
749680
937786
126861
028408
607413
890947
911544
747150
176036
755053
044677
939615
576954
577294
565688
338099
201608
081214
671932
447566
076654
891465
867173
681514
430446
029782
791480
352506
490803
406346
922405
055884
549064
240596
695248
515540
896853
307783
969814
970386
827618
383456
850225
255280
102452
568466
786586
327127
976662
319515
483523
167347
392633
797299
139672
264197
120207
133096
764230
741483
794973
823362
604614
721270
989236
696929
676608
964106
671168
802865
163005
315238
205536
120831
652811
421365
806222
216905
554034
466561
597935
426439
185264
319866
181793
506101
212185
788072
559856
518802
009807
696889
644395
552545
863924
336803
120609
428244
320825
039254
057426
240483
461719
065199
810202
001994
421809
281508
854338
407883
532396
481235
252347
308107
122593
566814
478259
974685
658393
950680
543616
174080
883935
600485
138689
409290
811513
299577
045904
239741
443138
080332
620081
440909
626047
672861
357683
388689
945434
653595
241113
791366
872381
137208
192388
131581
812943
306857
989762
578761
937951
579082
294490
516393
759644
779953
832645
964751
441590
616818
859455
530787
541522
021745
573710
398912
100936
299977
315970
150633
623916
992222
881307
186001
482044
496148
346735
250229
085151
719344
132605
516590
430145
107189
698618
023141
331747
484829
762716
022632
932205
758381
069069
479088
055498
255295
928427
319301
849128
162495
285352
179840
168139
579920
163512
111401
562445
741815
611913
034611
741767
391661
867630
140365
280477
145495
545371
061073
274248
347367
768785
002772
870180
619736
299208
806041
959997
579236
770617
189547
434284
370925
121479
586473
824265
180307
057635
277241
647269
698786
241384
678922
353696
600689
479401
568383
161312
401888
473157
860490
544126
620488
890395
117624
381271
745225
542051
017117
501231
052299
805681
760555
620454
537141
082365
376149
422209
339256
378031
487935
512631
270075
905464
351513
905751
022965
163641
709079
702283
082159
651920
325142
728043
709362
529501
366201
274293
180584
333044
507595
626414
654456
458826
209064
407166
179485
699239
232205
289108
607112
544216
073033
872111
372253
483754
898365
882178
941499
799928
993830
102257
714197
091052
664718
414813
063883
716880
949410
068952
269597
541860
388048
340258
179147
159263
168314
881961
212671
100098
958308
738688
646971
165992
992115
930670
276647
412623
313205
371088
244545
673161
685077
162558
801574
405781
425543
190524
521273
487282
395014
703315
662412
238109
392857
475147
078009
372557
775433
510257
987093
499585
415127
913344
413526
590893
790759
245367
072592
609864
635187
839163
119907
844631
946697
318136
871998
227800
738589
766146
518839
413383
042889
940969
822170
730342
535999
433465
558059
557389
555313
469254
848298
461609
467113
513867
560331
654364
160221
638895
104646
859393
503241
594369
764496
032720
161709
525833
622768
294413
057550
703724
538211
013100
039740
297392
191068
729925
606373
139294
793893
055571
911069
062886
520894
622603
562161
827997
393981
559362
549406
144488
776337
022101
800830
525861
212052
714257
446023
759888
735068
847780
928200
697981
110157
522823
184618
116915
376616
224002
220103
041756
798947
496003
474815
388121
933436
338065
996614
666586
867846
600329
079638
555821
152780
725326
523890
258322
497811
118812
542627
304694
574251
865211
339467
847537
679718
385318
182983
288393
529227
341260
207563
719648
827017
567732
448445
436857
254459
047437
643401
399883
003064
748261
721156
376250
233754
759637
963491
811895
018946
305984
231541
495611
079749
303402
346651
705463
513735
930204
305558
464421
425331
032066
358669
350324
177856
783159
409510
942154
489472
702808
146536
111568
477323
882429
820218
578833
125738
371842
027757
069986
401440
826926
429508
500833
774211
300099
756843
702503
178642
654922
970425
893369
390488
093812
026733
071001
806344
660395
843918
984390
364007
289638
545889
610047
260869
177869
573941
684840
575770
670548
000958
516076
789133
327510
307570
138380
580436
113031
442389
708278
524383
493966
389615
631536
417557
856761
025547
058242
175547
765573
066357
274523
288874
737094
793155
695366
513252
325568
087856
555659
151787
705176
436904
932168
496357
188472
852279
650461
