893286
261069
836642
598175
772990
091857
454604
792050
045635
602440
561773
434717
943794
827049
198162
498066
290086
718341
997580
433552
744218
486635
014969
241795
695084
650003
948002
024173
178447
353112
081188
149895
373742
652677
351279
596009
878884
035228
639662
772894
712323
337648
310375
844846
299556
084642
742008
468088
266929
506517
103700
795715
331796
881128
396189
190743
987363
591342
811411
813717
405561
152192
374396
865077
012081
767072
960460
539701
064246
119870
699082
143008
405577
415571
733055
815246
798862
239655
441803
622214
441150
625483
279658
629148
550562
905085
633994
178023
453570
720460
491651
915918
502765
292316
454127
535379
355394
735060
711210
123670
150903
220247
047081
085082
538296
584917
644523
074459
529581
947909
508557
720961
738232
109524
614613
155027
322576
436258
187657
797638
499753
491727
429580
259900
306069
332124
008620
235788
891415
141115
076595
774583
965744
528461
777456
595218
809832
863108
339760
340753
735364
274978
590486
976666
606011
009348
174207
537664
406230
842390
896073
598646
449029
035046
081906
026652
774456
353154
465757
501912
216119
852851
103334
388885
721819
471907
580105
568729
169910
293654
838406
090019
982194
101674
413744
922697
866989
660199
860751
649763
782222
746306
212548
399182
362227
977664
872715
022398
507472
458279
642499
424345
061242
074184
647808
395591
912833
643045
180423
209502
135836
106282
603743
959711
895160
483964
908748
900307
837679
574923
026562
562709
686285
176426
524785
428937
907421
410258
321131
418427
685517
527998
055590
665026
813825
911444
569737
673432
385738
458670
585778
329072
117722
304391
938390
845078
780398
323749
025598
143399
063750
599409
767020
859797
504307
126595
964484
861958
736323
230171
875009
261641
871874
162841
478047
935153
565435
832393
705316
657651
617354
639981
007809
842857
789845
283695
184346
923815
478878
337585
258499
444238
015869
855139
606677
730294
759493
010452
272883
553430
031798
839987
019427
869907
488435
939720
049384
956829
483574
177140
640613
959074
565697
641543
776430
004743
803185
931469
746962
840706
681735
332393
694357
339146
235603
878647
391981
481636
594294
588974
852973
940457
841559
825222
710273
147375
181470
400762
782013
550971
555967
798812
006909
439621
554863
564487
843132
830517
612868
026043
519165
921886
667205
781500
593147
917005
647762
037698
815245
870535
166084
702985
710943
452043
348290
191525
465642
039744
285709
789730
115201
803472
214044
894760
978559
272269
937140
853299
784223
187932
451599
349573
290069
910873
650806
432150
426123
245715
069166
553053
285344
928924
339655
799735
008195
469488
380592
556815
165028
893439
732137
402686
830045
692362
713999
393747
414270
331112
127495
719106
388059
441634
031762
455382
646618
920468
037308
057884
801105
573353
616301
859252
685656
580975
091211
066278
656023
871926
501614
045237
217099
193948
005812
878457
385448
882748
992854
069902
965517
811928
216924
799651
937409
224820
798286
402080
116450
852799
956267
819478
102104
639752
285380
389621
644329
771286
274124
116443
291816
098101
784368
440793
908368
373821
345607
176822
642095
814067
149391
683840
788955
667006
626343
954958
710661
408886
157612
734549
894092
434126
188976
895327
420288
980400
348167
407164
348262
569709
842251
334249
966664
582508
759790
154279
876442
275684
524735
019250
535469
022361
555374
714179
971528
706927
192314
304666
882744
312453
695510
362243
230179
766307
829066
837316
413136
071535
193885
142940
494573
165476
017097
449446
656678
470156
983133
719615
911298
127905
779932
584280
813685
765949
274367
916059
591891
255166
225443
538873
267040
369898
680800
387258
076715
670958
734591
742223
520559
436852
016519
222674
366548
260757
221299
806295
666726
570483
737997
339944
020768
043320
356562
611861
793917
302705
568958
617062
682650
511393
431690
203942
301864
816617
089671
063394
233545
831089
363607
972751
693333
424885
644344
379036
564457
726338
700065
191203
856321
054242
804120
644536
566442
128395
880137
604820
015071
368520
770623
489637
360401
838190
507823
429021
920464
794629
367709
063052
850245
687824
046219
077187
014240
514777
839384
221218
865503
420122
084350
179722
386045
431297
779139
549609
900918
479718
643309
061134
695471
460465
298187
167410
473454
175141
605296
143902
827180
004040
917196
561930
581556
924009
601222
401537
695042
410908
989848
644909
667875
360321
135788
191242
584332
360783
609662
515967
729415
214736
462670
534499
828368
098833
707326
788794
536531
155298
294673
575308
280347
872696
252544
263990
088943
220210
182968
552362
069454
629527
597795
094364
133849
548704
314387
577551
587601
523149
788302
680821
150121
950192
369551
966808
728243
450869
082863
556398
884666
444068
566899
731500
822967
945357
688503
848414
931132
997211
067581
275946
688234
707959
486841
193656
233224
215662
547137
416682
077951
253395
198329
035095
062825
732421
790709
381677
666111
324226
452375
047543
494581
026682
574265
292240
936308
266027
320802
814523
530447
683292
185711
891230
058612
997346
295275
815854
062175
433121
839330
049231
616852
332899
549776
715702
189620
859280
930803
011520
852554
633523
957968
503569
208622
611733
954496
848178
133092
591379
860158
161985
944156
376781
524767
688059
978699
477613
373575
812477
351361
066797
022649
982127
227174
081038
897348
608565
944656
799438
786412
637846
152819
619716
867905
459619
850016
344083
642404
448075
403408
247380
019924
119594
977110
907011
327877
828048
648130
721357
262788
150213
671471
375728
106291
001301
689778
627381
215306
440168
495062
888312
250956
713337
104139
105005
138681
408265
749118
568550
263147
658412
727061
840087
901077
253447
949256
090291
515219
809511
090413
722788
574638
065661
722764
658879
502427
470908
991380
024632
425299
411137
907438
932515
591974
682370
086478
776153
063927
215433
559866
030455
942764
885142
855881
811847
158241
330629
730444
836737
049971
406350
098295
384098
704934
756311
952317
414524
309527
640139
864131
586941
400333
636434
526703
786541
593381
016555
955902
919134
266039
890573
787924
805590
252903
480798
986570
830299
997149
752639
216519
849001
346620
420002
040042
372313
900003
783118
271491
926095
579077
921015
926685
327323
567533
383105
040855
910649
061293
150143
292095
686255
137395
699491
071600
213635
510086
536299
691480
757987
757576
444747
477659
997603
377141
639439
843557
953169
633732
139945
215057
028084
063720
176581
015940
234300
718068
351729
064744
660975
186403
392465
836121
550861
944787
831162
061089
934649
095531
749140
345657
980097
766501
472642
572894
322894
258170
426734
338836
440737
607918
054963
346888
053364
826128
283044
425313
024836
212682
491722
470584
477680
754338
998959
757525
819984
872588
717543
300421
435859
328228
211292
102454
399620
466254
372614
368690
394097
560737
784179
846376
581598
755153
758449
857661
486137
481033
733714
702111
342928
484162
018686
493899
945970
585178
218076
782600
390872
627997
626488
865736
744868
749109
345158
293272
846703
