664998
389355
004697
801627
977401
990501
721266
198364
807941
561936
690131
686503
790655
787918
885807
182390
699086
278564
221356
055261
641305
470758
100692
503636
971323
529904
369201
261481
057625
205100
945008
732847
624160
104232
255869
887002
279439
214085
894007
156577
521446
379338
119391
385183
175418
581160
998754
453855
843298
616894
055037
868876
498774
292409
209737
279113
567408
114725
627644
591435
450324
479295
838611
890027
877028
087998
747421
121720
907500
334152
605012
443426
366931
499154
055460
893215
980855
561380
320388
683152
610943
523607
630222
004158
016815
622093
351097
384172
879240
215752
966508
305056
314787
733652
896122
451715
643070
789761
071770
317804
215560
377157
053910
115192
213915
221584
857096
752981
190688
792345
187579
774757
556681
603417
785361
786076
699756
766909
801103
010610
072355
613538
008185
822283
764001
857852
468742
622629
014919
559768
661253
352258
419708
105387
935262
613065
422884
497077
893523
278848
825855
889954
366924
803838
383295
137055
928573
173921
136554
539929
493940
222765
291195
480555
655210
943913
093896
878631
990538
203517
553851
356830
461650
732329
800002
206496
733244
112917
688121
663814
524395
608377
379940
475262
431804
362065
170292
910790
488889
553480
058363
442547
005879
537874
628699
272851
374354
104712
223450
613894
384238
367279
408231
335297
353819
539793
059914
848583
809781
944444
320854
817984
316642
322590
167580
313224
638035
094003
945033
754555
359548
384527
371333
343178
097950
247879
121124
110665
671458
074227
405736
206819
861818
065128
089990
035687
375547
811202
077795
572110
595053
861800
746437
384423
058175
191067
829140
201226
284790
407991
713535
700067
553336
760760
074871
356284
063642
964611
847595
932416
366484
710844
246845
607400
145600
624704
113136
306148
271021
391336
695452
083412
839898
955014
577768
908539
889306
586510
881552
238481
759099
043284
049876
539212
508787
412916
093975
817255
285506
856030
382849
847724
920494
606259
254385
402525
193828
369437
066178
488980
792475
840894
648546
181729
537095
640102
560278
701589
515413
124468
660511
892037
797837
002768
885135
873305
624810
627605
141102
965070
850382
688848
896730
803537
699584
769225
679926
148422
660134
410344
246895
900985
060977
019301
340775
261556
499512
967303
565618
623025
210439
834591
268497
174499
994631
573733
498918
029486
650226
578562
532959
180251
198973
372403
078246
616069
290636
357290
853176
235733
404928
406978
790304
442150
950353
574701
510549
623359
346312
234075
851284
378043
245349
352117
359358
977274
697415
589020
537901
914529
345919
221490
303572
553371
580886
831810
701102
389905
072962
814216
316077
744424
655249
365944
591470
259199
865555
014134
815883
046182
342311
812763
779798
997994
321241
156442
253271
879079
175300
153272
790503
349132
536930
786192
750498
565456
161287
479228
031348
196644
729528
556449
099412
610663
654621
257215
437925
049577
505903
506103
985005
377556
794391
862286
642496
833001
436935
602719
512464
305147
641829
555080
841053
520264
892757
145472
901722
017458
415201
738780
089472
738742
176006
875726
097858
082614
653731
060356
791849
560716
468911
153022
755603
921539
175519
044653
131360
832771
827103
159761
715064
530742
296717
445445
019833
026547
849039
431974
213293
222522
553471
306287
653512
553937
338024
036643
597973
245409
835519
604145
369310
560174
869627
462966
757318
805746
727995
476856
860281
031605
612285
293147
047738
906370
222370
091164
599389
930957
062108
366291
564954
095367
167860
955479
647274
032689
290744
444759
351856
969418
013651
890894
333379
931577
878050
210163
921950
849447
100733
308338
566579
333680
919253
738802
970229
845200
092232
606272
116012
947387
572423
661632
535076
278908
123033
336731
916270
050725
399994
209581
138743
386990
018243
423098
467402
483096
853189
029673
362688
889533
181051
081989
606898
103503
253031
740583
538678
884384
100700
751154
156966
601804
451812
563948
333562
134263
020311
562843
702485
574965
151603
743508
936070
150914
045707
443000
562759
392787
745269
064355
522074
194990
224955
716466
088928
515792
877902
725340
765060
592684
300753
892197
998647
484836
907249
886181
420840
553212
470408
817631
448424
939139
817139
037187
921929
342705
237536
202043
124383
943016
610161
385581
602883
626360
436694
213159
856779
013423
441400
095322
521701
696438
214972
355944
266249
154102
879876
597023
676563
322192
195927
198497
753195
953079
320458
795778
210567
075135
661136
479874
349095
135797
857403
784140
727504
290404
554189
268897
537180
524692
774085
509562
972617
518072
120415
247694
313890
412263
706418
707054
323679
868037
923287
366049
550418
196630
196015
562756
253002
505044
569008
972165
536938
205209
143884
104988
963028
387751
854223
221267
978344
724015
601083
187670
249907
810556
351054
083398
470193
278872
189628
650565
219521
162970
288764
012771
961350
698994
018978
787122
218160
861975
346435
847664
417189
856335
539715
995473
353379
001288
302324
442684
258575
739585
436545
060991
005198
208709
612456
670718
389939
101992
863660
537224
495566
490109
554754
559116
438399
713562
401850
410861
300339
365749
706171
423660
166468
814761
759407
516393
978998
578422
073930
490031
507518
255561
828598
399859
875590
862924
382209
352086
332233
819970
840576
136642
014028
880631
773233
976049
156187
121498
327823
693444
826266
972164
659823
822508
393986
102788
159148
522436
007027
847425
616528
370747
938135
544573
418344
037292
515113
731240
524317
738579
885308
925484
202372
976292
363945
357637
565072
852284
088928
713005
696918
357531
334700
134961
563921
994444
403746
876450
371226
487824
391664
533399
415722
194857
992777
290176
183034
797279
650531
167451
688987
737565
803883
224343
718217
923652
411540
958824
187681
879932
289778
543133
678778
293324
227577
223884
477347
251109
465944
775558
934907
568412
581713
430383
580639
498888
327299
780497
397905
697877
464336
248997
896240
628442
967380
701594
527721
417116
082479
187883
128077
268135
616424
200468
418616
942205
037447
138592
849254
561083
099160
649811
979996
916877
194829
948082
186545
438778
831411
265144
938154
523216
981902
966288
292680
399676
599534
654720
379330
082144
967823
917362
591780
964101
993369
351859
939259
312167
834838
283786
983530
102043
252777
659948
376808
668365
844082
280662
005098
220090
418891
956321
096656
646149
368091
409577
245804
708573
056842
932851
360461
565574
075424
744067
810477
091275
902746
597723
301045
363512
531307
529451
375512
214600
632379
888760
758435
315839
712599
343297
004150
818504
284793
401058
865785
475329
865234
668915
486789
900253
084228
967846
999112
462266
015924
510831
174396
211415
551329
656082
706704
076568
024608
262127
840272
614542
215115
350818
127014
152514
942113
279408
693805
353147
966149
459828
768512
481186
063666
431285
149296
513217
936113
075630
045981
418345
664876
224746
930148
128536
225731
400963
634061
795460
787641
052148
358380
378080
920212
559183
303295
241307
835510
066913
243510
192884
