432491
968132
204413
847735
268797
871760
929036
625537
261009
746995
580848
345166
274671
666561
794576
500961
109359
462671
304996
703172
032725
132792
232534
516868
569983
367266
197511
001922
535990
197550
926908
680104
283109
463813
281764
837028
977351
130326
665135
942797
298537
763862
594973
514085
265753
294117
590785
433170
871444
328547
413930
089579
747626
755116
259777
218327
816001
184229
914629
657427
634505
995959
143678
636213
824080
380257
613484
358994
647791
363116
821830
748435
260637
550019
263712
050442
629078
987282
848241
118493
001598
732062
653271
601214
965498
792706
282733
334276
883067
865467
853079
158399
816841
939239
399384
408258
752897
337609
555520
915640
643742
165262
857125
658518
936504
156081
702077
794873
979374
909966
256116
149663
888184
563136
630540
252925
347427
790567
642745
438143
722428
807002
511753
851631
752134
673424
569465
474607
748008
762808
941715
450846
239872
463193
036487
419735
469590
798651
180807
816624
787508
736871
022353
069176
139530
815973
475714
174413
574434
515499
601792
620278
911740
488435
183662
983844
333512
775793
363178
721831
827899
970885
050846
946099
208583
218523
390914
763076
202943
268112
784936
161944
497098
033316
227514
930834
889025
069562
908928
709663
664061
697456
752889
419576
698555
646937
866944
137640
580684
991798
363165
554230
090744
527221
653196
031905
871702
764910
822325
565271
790684
754160
738199
725150
399232
519543
618125
526605
941490
260063
267742
797394
256167
621035
490329
352230
845062
118281
533105
019779
647327
843160
710631
663013
993643
511158
288761
044443
851175
210478
972202
765294
612457
943944
047950
906491
585814
449379
584207
077984
636897
755145
580086
222706
338138
565123
294745
068660
152218
501590
570788
271151
803165
255208
545400
216953
286601
184319
551841
432989
660331
420772
327786
034520
655786
402713
265087
439837
742806
526199
441937
825085
980537
410052
853802
816481
774110
681628
838672
350156
930008
114350
137871
597012
949085
457936
223062
432778
800412
058855
133457
480707
617135
556038
197191
394800
126500
793224
613368
415911
189298
628766
724868
252353
204509
639134
655466
785068
343777
443418
108660
340819
287963
074486
565808
101711
972443
017977
756488
756020
549270
491172
240734
136531
561197
021965
554112
130923
367689
946084
912909
454913
833154
018201
538637
980241
530094
846791
168713
610359
666459
944440
636712
558230
856801
272647
907191
603086
925338
054733
286699
718084
354086
053106
503940
337460
601372
133973
414830
108777
956343
454064
347850
789389
281605
309500
970051
947600
485635
044487
426665
742869
002610
756876
399102
281991
412285
545097
703455
575931
899246
873889
321847
891102
376998
341961
840771
859718
494133
632594
025127
646939
181725
007684
157131
888775
833127
009233
515883
391074
966095
391981
334799
139837
758074
867823
767620
496027
048158
441910
341868
836342
158691
679686
735685
865385
473118
843094
318384
826618
066305
971065
150793
382249
810941
643351
137287
093193
815603
326705
075582
231686
873035
872701
723570
900083
588597
297094
617767
879114
145703
386589
386935
555385
912259
236194
490878
499468
682112
411649
671706
520999
772097
796552
709912
969179
831958
849340
874738
607135
219536
988921
969451
480693
089208
226309
396310
757586
924566
557974
977428
024153
351105
031191
514014
680170
902246
135540
394280
409972
865945
690971
062636
676868
353454
913611
518114
208668
586631
388958
804274
797552
240261
002747
662235
395208
108379
213064
627463
146651
396002
328842
958922
688107
538198
100368
194157
513793
526095
934172
043819
496853
054247
843007
256815
933378
100744
847278
448125
650196
930962
953075
015104
682195
471376
466190
992729
249395
467179
397195
460247
995759
057298
011081
946029
797204
906582
085453
615604
333950
441321
259211
156226
911806
575724
352269
596194
906628
871460
106224
041972
065706
497360
862708
054227
745698
501260
918461
460633
818968
803782
161779
796959
401399
334948
887436
154246
823941
659420
177365
996593
591287
440029
886149
064351
508014
973124
391462
573451
580729
351259
995415
671695
375321
612513
648690
298557
873210
955266
332212
628634
079521
878775
581769
288469
481926
070686
052451
137216
190758
745997
721839
315562
266238
013271
587408
325784
446820
585516
802797
531667
258305
523086
246148
719040
924014
495656
192886
367420
203063
606355
801768
713940
199349
088193
366717
375120
593111
944094
906898
276154
852137
448695
428686
538730
426606
370591
651202
567403
752423
590431
029021
854851
265067
616740
257658
384799
311172
158775
801847
812952
957096
126340
770662
642771
356575
651245
145189
144232
531432
964425
351782
126559
951040
833876
560210
042601
690877
289463
748594
374091
600656
488089
461353
979572
879782
752199
149251
933170
877480
821406
278406
977714
041074
854166
734009
457869
263603
254450
106417
083673
581244
863607
465901
219193
168665
224771
759602
586973
281778
548920
552888
923060
433497
135177
992822
905376
155162
344826
006995
939199
819329
498905
350837
355524
952394
557154
955375
816982
506030
881807
732391
022414
027447
566578
169101
315762
251634
120184
036018
691040
830205
940485
112410
680201
642195
517593
651505
135443
344811
231865
423278
060157
673607
677421
137142
674867
099481
317031
859997
750906
101472
080491
924996
121701
808171
032578
547438
954973
820564
763201
659244
206288
549437
326471
479135
784524
328940
860394
426171
117830
391629
635402
497189
361160
346097
060646
969030
315916
198390
905432
965535
991980
304445
816127
450687
362113
132118
684635
280733
823470
646412
735787
589670
379731
096205
311740
002387
565877
032744
609103
534659
261970
375198
942661
105389
065619
916220
482777
484829
088829
421759
162208
267756
795008
763313
549095
072046
709656
649095
706714
029103
418293
519234
604772
692980
728284
975301
671834
238783
718250
673420
070153
902588
367547
375506
892141
064697
790304
343646
613265
253109
092330
855596
743927
635203
215462
339194
234722
750220
407982
977855
548767
578006
464419
703241
580671
813532
303512
780537
599967
434494
493587
360070
415211
173994
232341
078419
494193
258055
283570
407075
556007
810160
709890
837648
620236
564465
477240
663356
773389
555519
184192
560078
418751
498749
140931
000934
056205
847118
198392
929795
365374
652824
857837
960717
343462
168554
649477
862824
909246
536464
966488
539022
191682
350935
181795
587915
088919
231201
509866
888038
175743
317987
838297
142527
549028
046538
505057
565076
780173
076754
915096
392688
476672
558654
781536
925571
993648
771448
564305
785026
135873
757045
597254
263827
496738
037436
044892
482211
435022
097319
756353
395678
967327
785341
121833
410079
072158
269473
440081
352609
230665
482859
398606
833011
117856
715024
163175
683550
382351
913278
820198
619612
847762
983465
296943
106799
977891
679386
697683
190197
753560
726189
526610
750398
952075
004163
741306
996613
278736
567813
559923
004249
097172
318436
161675
127810
888580
799204
831687
652263
777686
918934
007776
063019
882447
667499
746058
842083
