855417
342233
936165
670528
109468
634260
792153
200748
149019
568775
525762
141032
190446
307585
365676
121914
581734
401370
877508
594955
252931
234487
610295
880464
696442
373330
828506
717761
558820
119051
930276
969660
082455
873541
742820
146844
456859
562183
222173
720492
382581
671600
407545
414394
562862
507352
804695
716751
691938
381672
964672
543055
336308
445677
865175
631739
461446
379890
670127
310894
125930
611728
621729
955774
517090
940120
798464
664923
720747
838465
189879
324569
563092
979855
113797
517041
184574
610932
907529
990002
056016
339769
473050
205123
449485
380337
362714
187010
986337
158509
295985
363794
216758
762712
101779
071525
430540
498832
070044
959105
705214
033779
186952
746575
000642
113194
008463
301059
474211
028500
796029
990919
914165
563445
700100
694910
038928
036903
948546
402135
334109
211350
841781
650282
543336
867643
907473
157249
845074
407627
318341
901627
744445
481338
199485
394236
101061
367278
724026
760831
607967
207195
317087
123416
499934
990647
907899
313903
168360
774227
861338
449373
273056
827418
518407
005058
223015
230667
558544
810315
752874
681590
315761
838242
985863
800158
790209
037064
943025
109312
530823
805048
750798
303036
907356
443457
158006
178688
020900
911134
868014
024645
509056
231626
702918
370477
783184
260416
361954
583422
137785
972292
981568
453497
310822
993268
252619
968246
215014
819964
837106
675513
792038
735544
052113
092531
364943
765484
264496
329322
041433
762718
895286
227447
999755
380234
843373
645998
086066
176705
550307
495235
996585
595450
743434
363120
040815
009468
503574
288588
133319
722824
460182
969216
129173
753190
015194
699344
117061
127450
781570
932291
732331
400696
275428
319276
731195
500324
911038
716342
784276
816821
930589
401953
900189
751390
352279
968656
997133
828488
928362
134702
864081
522846
697508
007858
061850
928896
833049
352910
230527
753090
131111
038234
536620
399888
195588
890967
483838
934442
422229
678764
668727
862766
270331
046395
056972
858140
128155
923924
271087
014441
921551
830344
150325
270729
422481
273831
096861
474865
084274
352922
900275
448526
076507
383880
575980
942725
850746
114989
849812
509868
361479
028013
666669
517073
402173
693176
476244
264981
444536
031236
460952
212771
255301
887406
462524
314618
799549
430198
208759
529829
115711
755596
457789
333053
764320
203000
410942
919455
498577
678712
352595
171493
231805
113781
648299
501842
287220
328692
908124
118204
403001
457988
485316
417211
697386
926654
666038
548608
792471
417344
431397
865960
908537
275238
049074
283578
693743
543408
563685
136260
410292
038496
259730
242549
277687
746654
729492
010741
690101
695372
201105
942531
928026
028775
030226
153787
792029
130259
827380
273246
403394
779399
220284
677938
464832
135738
179727
065492
686072
257520
345924
041851
705022
767399
659739
869502
878459
014130
140022
648767
618394
305268
942519
382100
919633
470726
015792
795775
166708
159977
106413
821139
293547
553894
991176
265845
144302
007876
048142
356111
886346
710788
131356
122016
396550
343322
471471
195972
088310
683387
263061
696356
858979
196112
868271
348820
101756
608146
875292
451741
547359
695166
087129
661860
812971
898816
793104
671081
906676
010581
411991
063528
386313
208339
972198
672595
513222
555937
059371
815917
659164
686597
331301
341876
524113
928029
134013
288722
483537
316579
792719
604153
710346
840002
250372
502107
785152
405744
363604
835774
235392
780029
958510
939254
324836
893458
659461
449102
014819
342872
218748
323999
524760
912992
313541
401777
749648
365157
300826
084543
683333
982398
865907
445245
080342
293380
358016
209795
040153
398754
330019
226000
054167
721850
086365
387295
197085
704756
776515
450997
528783
145260
527754
341153
258372
062797
544099
185963
208695
952964
256946
927023
848700
407516
536513
313613
325118
640625
624601
305642
123533
061004
782305
347120
468811
374958
705990
708458
565593
594232
041352
190956
316832
847935
762490
563149
648885
401325
076421
905791
331123
543466
314432
801501
012407
564442
125179
258011
275449
592512
355047
094559
367020
425299
731722
042537
050558
563748
931477
107897
945807
633709
250338
140246
027958
854433
813432
530494
345963
036190
014013
636872
781393
309710
150224
677076
159323
495054
578706
095427
439049
707258
387252
749946
513120
099736
939548
240955
074666
673999
575343
898928
604730
865457
849865
852490
467842
412503
127830
132397
889546
573051
030958
540057
132355
181919
144458
974827
654008
337124
611979
549486
884660
726244
053158
942451
809881
184854
968264
338046
517613
224749
054916
684941
804901
498480
488428
547806
448012
698056
208019
199658
323086
792513
825894
317630
371851
873086
202460
922440
870805
232065
397943
467452
868284
466309
084423
653660
548104
339264
352858
025843
120175
994491
841305
726561
548692
583793
197573
065548
218197
605153
267575
054175
504882
268262
960458
859185
054365
307596
980389
515620
321669
314560
100618
123036
948956
942968
138178
719991
382892
927732
774135
594298
510206
957795
681338
538947
375656
262137
425302
162099
823501
877219
994733
498236
990767
664169
490944
032037
366998
143898
652211
567158
639454
524558
906424
377787
085057
704255
473014
024296
052606
466952
734408
672095
519877
705229
978090
129623
364301
342928
619614
581727
851997
727681
323142
385512
506331
314946
689182
004742
124344
124513
790138
416198
290620
159972
209109
658695
274635
954469
030603
975133
171910
526375
378029
807760
936976
325661
329587
916530
825560
486783
978712
750281
701405
297294
940310
026044
362129
922485
721495
415410
422670
499086
983957
745599
857253
612679
500626
229570
828850
187278
272596
933326
573927
103490
579999
849048
621046
547458
812233
595280
360652
347265
155744
328213
578645
916905
959918
537928
979127
528255
700181
121032
309371
196748
308856
612632
286862
788763
333597
363044
644852
061735
565720
927048
821183
302889
322908
780730
593918
000215
241773
869365
653777
041156
138890
107421
580792
658339
749401
565766
139232
772796
001344
164388
188401
838273
118670
597600
381627
560906
462959
764024
569257
632594
558441
737328
348785
782731
286631
814531
754734
881606
878731
095320
466464
795986
307546
626818
396054
245762
645653
323349
103401
963553
571959
679424
567247
271041
699752
188275
703355
763419
403300
570121
655305
465460
878157
584381
607056
784122
675047
503883
056601
838803
278996
119506
328469
119786
859394
879683
575420
020192
800009
574110
596364
623580
615338
931671
254782
011952
175331
732837
894100
616577
712524
114011
263125
204079
276980
517257
772849
180382
140504
851865
974002
691920
119663
243971
525711
799132
799611
443351
000560
341299
971473
036383
341297
400311
163832
290911
828532
193755
045718
784043
766415
156235
650925
502945
572595
904950
108926
088200
999822
893695
508823
640867
285955
258885
071798
425586
204959
061898
437531
104483
095771
648587
834696
864213
373499
292682
410827
535838
858640
740040
436421
645308
583558
387356
321239
572508
871151
980427
561969
359453
