452735
916845
046598
759420
251748
133115
773748
533675
662370
631764
036868
835031
208010
004687
083129
510948
277012
690145
451609
283916
343432
427750
112042
123861
386593
509379
997550
974503
557235
329741
717721
523919
545732
833942
642946
817441
558042
181670
800280
875983
394728
543979
674607
035610
120282
765215
440359
090879
171031
600633
829944
982456
893276
882696
386465
460388
560514
464729
069752
100799
036923
894000
203459
948709
375427
130788
105504
476761
687451
222232
092988
979761
239904
497793
615235
628099
451571
259602
215256
345694
786344
810184
646981
985127
922932
670511
278500
411084
192623
783274
874105
621805
395296
572634
692629
472714
310678
823703
277524
869107
208568
955535
384908
459784
695193
665635
651245
934711
148965
175122
309096
361215
245842
139169
426021
621732
504431
555730
298489
294398
557315
558132
072715
281763
344222
215113
387257
942864
693119
762399
556333
844402
910591
267923
877087
147601
696701
020331
100180
771473
307986
473025
910567
979656
806356
106083
160644
495876
306799
086097
382909
218417
506207
627372
624879
353324
601886
885223
754128
496566
336886
586868
938921
517637
460054
538510
507989
780979
867914
392666
243912
461335
095407
029234
867411
011338
600680
466432
199740
071870
475406
068132
404420
589874
460444
878008
983223
601389
952039
551337
268448
690168
047924
612654
480637
727597
322737
982578
542788
993319
942390
038987
538757
756022
300608
225850
676959
761599
137151
454504
844569
359532
878000
202881
462552
391606
733385
413023
996350
301089
492084
695506
588794
774378
113190
831656
736621
790017
249933
362116
878484
694212
134996
935980
567840
590460
068920
567137
422697
251346
791164
974996
844982
656372
160091
186168
928542
631835
427169
818372
840431
931176
074190
124492
351864
425659
631403
665377
760569
464236
046865
875318
006539
566125
539508
264508
875938
815828
077229
423405
967309
940106
757290
582856
568841
151314
159287
158661
797819
542725
190490
466117
046626
550130
793924
657951
312772
725114
931517
879294
332374
012102
849196
324926
895456
139377
288499
854400
479433
437196
314020
765497
139152
205510
272734
785324
599697
663314
362515
480390
483221
050236
850053
389104
810373
027334
766700
248693
287249
469337
822773
359881
490907
532559
215903
869983
060803
442409
973459
740712
581210
012013
689442
035453
634923
543401
002428
499025
739982
269893
914934
418108
967627
430331
704041
172990
786697
844166
135395
526903
754452
921809
804741
665473
995894
823880
964015
679855
628075
127869
850624
727772
272706
650358
326795
909484
934227
161423
906985
591134
521440
443141
712812
926971
420516
945652
900210
888773
477368
620499
078293
703216
262636
755565
113789
578868
444576
152796
308328
181027
749873
940893
156840
734712
106006
089905
966183
263131
925056
883526
264993
303129
231098
348503
090557
931012
072941
732628
248363
993222
986218
422080
889453
460651
135354
351379
269026
906374
699393
541864
347032
601516
730892
424495
577167
611829
663146
972426
594266
543013
173528
478510
472944
910821
882196
478136
543564
413449
739192
023603
595129
903073
693439
575853
517302
097305
281640
334041
872758
448479
399316
701475
526044
520648
623935
417260
716641
892679
478798
104530
980832
143616
855553
006001
750371
307100
175806
837112
697277
225081
505857
925534
902644
624548
919036
782569
691709
862726
476002
066192
475410
062708
210816
408593
827005
311807
964954
262769
296956
270124
395480
398247
551807
417750
640093
435875
766134
091789
151868
012949
075613
241458
692876
710328
002379
822196
464878
864944
623877
656304
301236
197365
235876
607091
727719
582918
851139
026171
351203
721983
838385
840052
773432
129701
763524
753070
160534
678320
419090
608975
337956
253911
848553
469722
391472
030009
502239
880000
006092
436915
909207
123170
134232
359795
915858
091618
453548
725325
477377
268445
677516
001915
180409
233944
808951
467828
499443
949955
167777
785191
850365
210766
524019
543072
871991
929309
909830
800822
216249
436851
836333
523621
444980
012303
953992
935559
045032
130528
915087
076667
428734
472913
618604
162655
727828
543348
417826
102522
146958
624459
144985
932243
639315
632545
547433
472772
536627
512033
557688
889394
603973
074095
044667
610440
157555
305722
852897
587859
062235
407118
262111
445793
703805
826146
054975
354589
038634
242697
199233
837752
773135
207219
051311
299510
611930
530020
076574
297404
071452
375196
583853
541951
286316
276910
055830
671265
722154
552692
262309
698889
657595
755239
897675
467524
005221
197761
520043
460214
126185
481190
834180
012323
636312
325705
873432
843733
722122
213016
072323
374967
906724
489595
505760
309425
766586
979905
051303
441121
305822
762208
337295
412818
363260
991070
221691
224688
703615
800188
391789
337486
223866
295574
716943
800150
823188
942747
435096
588284
984047
545380
456148
829130
584904
757970
884281
096179
361666
988396
231234
926811
723303
861567
171533
049802
236390
481444
506091
081583
724380
380379
407580
755460
779219
578735
706101
668280
688329
801204
571249
034006
907049
339599
196875
386522
442265
458575
529234
889614
169402
576178
769646
139786
118190
083580
719473
309480
840729
709169
242989
173358
306345
964163
296523
524320
549805
470024
906603
583758
491110
828528
935159
619881
760942
483094
151074
552039
738164
155277
499176
155904
029654
180333
518378
921592
571767
984359
472123
127274
553315
940895
494355
391607
909834
064497
958549
713213
974993
098717
299276
148040
167518
002468
458850
987338
113389
556145
972914
356627
435879
853281
502700
678361
256692
007080
608302
821273
824675
310000
482067
725144
081123
287481
458318
314640
374406
701677
006952
367497
903497
943159
445804
487008
415406
997215
107350
538722
622914
467827
253322
168317
193668
009970
337665
555223
609303
238596
270849
082800
871300
969531
032214
085070
282807
555622
289269
381883
750625
498662
663310
606636
199726
923466
696865
555230
570895
765457
885668
735533
055337
961767
732885
254130
460700
599444
145486
169258
332384
257178
322679
153745
193487
576708
727667
874693
049156
224177
170441
497891
237061
929673
258823
073792
638120
459636
215160
011922
166189
925119
300342
337143
836216
091612
884181
181413
782976
813296
975730
859997
608598
797786
460444
623023
615632
056329
041626
904590
192390
151871
984331
016945
827804
824071
926929
514974
686038
469712
734246
569119
049995
043835
953672
612096
500300
982365
699906
869543
015972
255409
256240
382310
738501
727116
574187
018564
490787
158579
515644
936552
320821
017253
423511
069900
195448
822760
014096
389186
549121
758380
978914
699600
697935
915902
472389
148155
963258
978102
349421
637219
151295
743907
695990
294589
627866
350845
613919
289564
053615
564804
085347
768518
746548
910550
266763
528242
829085
061134
393502
292624
252106
226424
342735
000093
010504
147731
394483
734540
337702
787227
650708
403060
207924
293467
212484
461513
344599
392809
500886
862665
967829
046111
360375
522622
386971
593316
146646
130627
371608
104818
183174
042887
