638969
738727
306423
440695
453472
963952
202712
533827
477020
405053
601496
524522
789001
891863
329696
534319
760292
311680
812394
516805
916207
433385
869547
556017
686637
605876
309757
407405
793308
417748
072412
151998
954484
685501
531814
464839
529967
817762
019080
428348
988015
613424
832970
011027
919179
040879
594442
118161
492584
854964
085694
253766
695452
017200
953822
170181
065717
566770
399468
395436
083919
136686
619811
616901
547383
009591
576494
034128
512708
133696
944698
773838
294369
149187
261389
805780
412612
773053
250686
992837
989485
346418
631624
390151
964876
281090
271495
476443
029029
573420
791922
113016
213692
116732
354074
110208
517965
062292
240538
437993
256584
683992
719974
602214
226825
622275
047427
689917
100830
251033
608492
693706
340308
369933
172504
448601
926989
436251
195056
876315
211864
478313
297858
097635
324096
182836
438793
142076
885983
384279
820132
409308
452884
280591
995672
696547
757858
819923
038801
588398
757540
492624
201660
593379
938106
593340
156890
501085
837388
510311
686233
983912
820189
745367
274759
329295
752666
153837
490273
316506
455951
882828
448106
677277
603988
702247
489469
682001
171570
313868
500432
466016
451707
470749
287154
474642
140251
380302
378377
154781
165785
254906
401378
690632
158579
767069
295566
193685
974508
156356
844680
806747
916196
099943
392175
963867
970621
609089
399961
187204
985676
087221
027841
501470
385311
720256
838780
880755
399166
458457
961268
837597
607080
986253
644541
989895
622712
422092
694861
607366
564222
209132
321643
937722
497124
953322
819746
537887
956016
170016
371493
944690
708094
031992
789291
157999
126779
623714
217609
284988
425517
063294
470216
866270
150578
077945
817122
758997
527271
930098
538475
075044
932063
982983
737526
055954
441475
826607
611736
020983
373708
749998
256174
343046
186668
594566
773028
255229
158185
377125
968472
081746
902603
420348
999329
418746
637562
559345
660842
617526
533208
340095
233800
542316
728451
347240
558568
084679
937491
582915
420827
044799
994358
364220
248053
780715
683914
070003
213384
795418
269717
662924
548564
927631
109232
067437
859301
227352
766164
912333
528980
077349
283445
543097
771446
949679
240193
524586
792889
234521
033350
346247
702164
211179
990718
121333
068070
227213
041217
993059
125447
110025
080967
657378
815431
064128
469750
333304
756578
943800
645113
266992
717395
508189
267538
484131
818509
225949
255371
544323
317856
997960
751661
355199
437148
306390
116165
621941
107273
818617
968172
650721
016648
362680
853871
775885
622055
277346
459762
710457
932483
150517
845221
119658
586718
360128
881089
795279
214384
768198
409846
863951
591426
482481
105287
970738
240228
339214
521109
873083
599489
631932
431893
962967
836385
015339
287699
056282
173929
155551
621897
435522
662273
670280
713963
912681
841448
466884
691562
613196
297660
427040
151716
585600
588495
601167
505575
203094
114071
030535
502057
047385
244812
306384
264630
959119
144077
649058
830778
222591
479256
904028
640365
996875
207898
414804
674456
728005
680431
165549
792933
188199
559750
837176
952371
022378
428681
673604
683895
704313
887624
854254
092214
997078
847393
451188
338533
139826
184451
294511
322447
630169
751776
065703
957646
653376
520518
316970
888641
691877
149691
972970
761248
034049
010583
806206
715877
520045
326372
369027
109271
688929
308786
295513
039110
394042
306343
754045
610234
452787
805780
990566
458103
101153
973349
502200
815658
171737
852271
594672
874907
810943
200378
798600
152342
283409
614257
396472
327925
867306
188626
764197
863919
237706
726518
462292
078339
629526
445652
110490
842946
276386
588270
746509
553685
236410
628147
744144
196184
276639
135842
289031
594532
013648
912461
698079
832349
673378
236096
660895
538461
005729
207753
342604
771014
808158
452499
766460
053666
405704
741522
359458
319871
562448
109938
676136
937229
190073
749768
467866
401810
771075
848527
790062
921893
105169
758957
810842
446589
770928
409933
745224
006991
414785
879025
884557
416849
347384
966745
514028
305772
317949
405061
950355
719594
396370
339934
850991
079606
278707
042242
308150
572680
686214
334586
967826
949564
361041
100954
744401
582633
428877
434859
863562
627025
943908
127442
202305
068513
365623
798737
170803
135852
951408
636126
268197
423931
659148
449291
534341
442199
425956
327043
074964
510965
489017
361125
966287
997620
267371
325952
484626
447204
093116
256362
582083
102695
612234
055355
695313
561063
086632
385459
366724
571764
557012
856571
716862
580311
208492
869275
008212
250611
478839
891636
504707
022431
541658
771670
730751
646443
229666
635089
005934
472465
050332
925095
473452
832723
278078
387639
700716
049963
192464
291827
126880
645706
908058
336479
145552
070511
473123
205912
212495
602363
788131
669448
787039
807161
201415
089967
271551
134331
746472
975478
733806
501984
795162
340495
593838
120387
167227
138228
736394
277936
478421
175426
642579
659681
154062
771068
437445
510767
534902
033043
773789
003373
180991
474525
245559
122622
800007
802097
242319
473703
553015
216943
501344
273803
156098
000431
345477
260305
242812
024212
653289
735805
317004
521855
282395
618368
458936
990493
772603
129957
814650
749807
721322
536609
617234
035089
958564
634378
922413
767994
043583
278535
434623
953816
372930
182070
872103
766094
199538
483452
008471
041337
697175
683014
535032
440905
301850
919927
322149
278397
520747
012530
501200
265022
359178
060154
221861
527730
731484
879069
544838
995347
584504
805198
920493
585669
880967
897729
366296
275041
426275
784172
817904
111662
188810
837743
379099
237511
986408
675765
908022
321975
634691
225139
099141
610629
244375
968426
730279
514202
428811
221541
460617
466104
099853
701635
068712
814167
718667
991866
314001
928919
005774
931721
745068
385733
724730
868549
340401
934906
299509
736523
252936
386181
933853
771675
281319
818747
162969
079729
241986
988390
081547
032566
672537
530961
295321
507553
946593
644696
099501
204539
481615
980165
035686
180760
112551
023208
760452
356095
133989
251297
062127
358546
618434
412523
724813
047827
699470
742956
598125
911027
577547
307837
762863
153708
170288
435142
261703
962125
319854
152646
736726
614972
142228
293796
648281
694426
499184
401213
919376
089257
967765
043452
615938
088197
381227
648446
936572
104260
647107
724152
580980
376957
162230
438242
464825
780581
797754
651061
607655
529327
720296
935490
753242
359217
623948
101346
243743
632761
722031
799072
713011
845334
670575
473936
179359
938935
938709
522138
366786
872277
588320
798275
921745
022093
814731
321994
511159
604401
952079
319495
311926
475977
799054
307663
946194
096751
518507
815632
365770
830310
094099
148369
208075
523200
469547
147281
365296
844219
645336
183452
530441
452559
634922
823970
059297
834128
297207
411029
779100
999383
354876
656203
697368
662751
427711
772847
033476
057052
315045
438292
683763
222904
653396
553777
759357
788298
596291
112763
403894
523227
612524
501009
794884
