250281
697210
794550
148320
001282
859832
579657
628019
925641
209431
637592
288090
176883
117968
578674
266975
988741
127898
484258
368020
948113
676880
769787
411256
143894
237014
526080
617457
873373
746145
569335
731373
666546
439421
394124
731674
580773
917357
497015
308054
974082
856314
499514
088322
026696
922686
735885
188871
467095
017494
371299
840722
843831
847039
002489
513941
442876
840851
037566
821451
054110
931181
843682
468472
422889
168452
785976
036043
195384
229553
269360
261579
640469
263716
394396
176680
974929
338854
199515
671155
332246
988299
923026
434937
122791
095560
268706
440212
136326
930439
314659
680006
954181
171153
213388
618755
072810
190220
802098
107465
407340
751736
269978
549518
479830
309824
718443
118865
153520
121066
311734
164554
861116
678312
636869
703876
174200
619147
398326
023338
276350
533142
280145
344071
087450
306115
552685
182456
747524
918956
577607
128676
796606
032102
804630
367283
137427
292059
733184
197615
643971
131694
421904
942405
532274
411540
974053
446310
536385
168483
090310
830582
919637
079522
963227
403943
505564
959358
602382
020752
603847
082054
997215
666746
732891
186204
577285
170499
285858
256748
217184
871321
941178
444670
568061
756052
142147
972032
637376
271684
101227
142107
227522
937280
872430
178743
144921
601269
768983
462309
000581
285026
236043
371782
033828
935075
155193
299077
946564
304404
590589
304200
699360
409042
746897
904160
341007
525253
935513
429750
648762
507009
121484
220257
090269
461697
757954
410503
424384
626564
460382
907789
020250
650050
634138
423542
421642
334695
121469
242751
416744
102532
275932
249730
809271
260805
230127
545411
433396
032376
242038
461772
047843
332687
361546
043639
442626
771340
394743
431590
101353
434532
533210
966605
745354
816683
527560
050567
171426
110683
812330
707685
060557
885872
198420
745298
938340
848492
251304
365222
852858
627047
148470
413718
030902
655282
544412
240837
099287
777699
642213
602298
645015
671963
895540
191664
896570
438976
805603
215969
062926
967796
945437
049432
697821
339489
505231
219902
026601
670126
791174
099243
231183
672200
975648
340926
165051
990190
706152
972816
013145
833469
540033
710625
526250
375998
671103
703334
185044
833449
729751
277940
277386
791884
880198
966539
203907
195397
349208
156347
261667
368492
859902
521090
280195
039852
313898
702642
974988
278638
653693
190019
773434
310705
595543
712484
318886
417666
486830
718833
106567
416326
743919
681581
578521
837789
840745
667343
127226
615310
575770
556666
877032
219728
556751
795456
417923
677476
025936
376337
005993
217774
703745
143262
343301
587698
358115
304200
563618
640566
128000
275727
169115
107164
952531
830781
167986
549502
968758
615157
063031
830371
573821
129026
074983
144620
493702
548393
713037
190221
519372
854393
180471
646927
656352
261375
441069
878025
524842
364278
740925
884321
790564
931953
226303
301510
548451
279223
126020
884160
964399
249995
598595
372114
876015
325584
449508
284844
489799
369227
636871
239244
777092
963825
284282
052189
721307
318629
727329
988753
556572
131212
042503
360945
700476
681298
814949
526293
991626
591112
738177
728627
941689
566726
351551
908429
582602
735560
566266
134524
179491
601687
011781
604407
695023
792907
728048
920189
684723
038906
832444
750859
579387
892058
822921
684796
688738
637675
079896
823750
743132
087036
070148
173451
099640
811249
441291
487363
698838
809113
949421
524840
735138
993344
024306
737489
766731
722195
358108
642275
657486
031997
813464
571686
250228
543289
104627
346589
146233
467408
756855
778668
670102
935041
611169
280363
481737
171290
361622
405432
876470
807916
710736
098345
805408
225009
476816
591012
366782
970389
066171
778884
360424
044865
437621
755522
857963
221847
017314
671354
930527
829009
172025
279786
036740
967098
240018
551692
260127
695887
292289
367229
582602
554258
910377
119369
352767
883350
529135
946801
620020
821425
716151
763426
533647
052704
153903
802876
508385
267120
281397
583946
372003
032126
751926
975769
716649
219536
933638
657616
458122
423087
907527
607751
902119
388507
692419
913423
775370
816036
966085
341040
873595
017079
719553
440673
489676
018588
814479
055372
080107
852192
133413
583124
946539
238702
884697
889958
778983
620168
881283
030713
377760
592940
431068
940206
210784
787661
778981
258750
999806
113365
644496
186083
589118
714212
917409
100598
871934
093957
326229
655101
156554
071666
798106
007717
097971
976606
408423
931499
778404
479729
946233
596909
770513
609373
261320
443760
232007
241487
842432
966914
640379
053128
026700
016031
847712
972824
879428
033990
409055
757244
783415
521302
606297
483318
115674
136769
680604
549804
695387
013115
577463
638474
562486
155960
217074
018549
338965
276882
174907
705914
685772
139937
497482
045236
103775
654338
673364
577190
528049
656221
507864
240270
189155
394516
045369
446821
815465
921635
406004
208248
999945
849280
983282
859595
066841
180299
913773
655803
399892
130249
988452
627779
786857
211827
547018
637727
774442
036407
543122
735857
046631
516273
388430
995207
991207
017579
087327
833559
744434
232704
989563
626914
296884
671175
334751
141163
651638
541028
932500
456319
476325
843077
098065
904489
372765
999422
304576
017021
520272
640260
735613
037540
321929
320486
771746
645802
023179
821759
131143
322029
713354
011408
593442
826088
915423
672525
825547
031924
570544
729373
961616
548513
130443
772109
760761
976385
158012
242196
810736
256413
453281
650125
068848
316844
585202
242198
133568
749048
494423
578397
671409
110937
243370
297780
172008
369980
612039
359645
109799
020702
939170
448157
162223
876298
934571
788475
227189
008665
435454
296733
513027
525478
159995
748235
756525
698395
994419
056348
275991
945242
190809
432613
277976
585969
899320
828203
737180
258808
940898
030050
324339
091965
348347
094175
814216
621871
292774
300005
520243
425380
331367
984685
065265
053639
716411
873264
690109
770098
932267
182125
256942
547721
778456
609026
086842
672629
154713
963845
337884
029474
858168
369259
940508
302277
177840
752432
112586
080778
681798
059030
174960
637980
492197
664537
426830
134040
524794
621729
983519
670953
643697
275424
093411
424370
871813
526839
849813
860387
087981
074822
367551
885000
019275
990873
469009
860541
307725
842120
087817
073543
649798
742168
276258
415467
271884
259812
559903
922851
540521
727516
630269
371459
422117
334916
597640
479209
468272
682634
256406
311610
566898
532798
225834
785368
411355
295253
070403
663703
377839
206555
262818
229340
540646
724309
947821
452834
037889
738782
077538
175385
694336
731639
181380
732176
835199
553305
382806
992777
390370
404338
159064
980937
364904
848974
555664
072485
085634
572860
706063
255968
660937
068365
221997
365711
934997
785776
382847
413642
208887
381249
267937
534739
895757
131068
573659
319815
895550
913313
420899
670152
061177
328522
061189
619173
101442
694932
313506
634723
057150
957472
154786
458760
194080
442944
027929
858296
293513
891097
