556196
442271
184730
454134
762295
360703
600243
341147
313423
039003
596138
141864
400484
073597
536960
789271
437114
556770
374524
037338
914520
658473
354567
381840
485575
959132
202695
355850
554001
190075
630436
609301
497678
619192
944314
671674
240847
728053
935278
723194
485640
069594
876507
142397
847620
493281
874383
740940
770108
364071
353174
216599
171317
724525
941201
927578
410974
045720
436533
302125
818652
161999
872919
347576
635585
461215
471570
850992
374708
948456
472584
238633
706464
292384
618378
884683
923274
931127
640613
716043
458063
383889
610066
320774
749595
171104
805341
620190
852349
011906
331566
280157
916277
847205
783862
523503
553739
876893
519632
675918
687214
295442
288456
707611
281143
540668
081159
318229
062651
552287
280585
256343
486735
312621
173567
490127
944369
988263
667538
615284
932078
878839
991344
865336
909216
992250
864320
782459
307585
311501
843691
481394
875273
849534
109339
037297
630251
535036
508026
013075
866768
321049
387441
369044
566809
537983
460792
921632
894198
028678
000616
147341
125698
415463
838211
029232
369141
986002
202461
720799
147824
248622
372963
762930
290442
089673
866609
210488
746248
885154
874212
364968
394867
248617
634936
682478
277665
502139
183553
317198
980500
152933
987123
096883
825723
135951
009776
542121
416728
715856
948315
479430
837482
625100
406356
767245
873823
545733
636674
728265
149895
613091
132231
541043
312421
978487
922510
311362
939540
266527
009152
566039
555689
284376
765279
487624
481649
579832
001122
675920
980855
041965
594492
146159
526323
387529
447211
776776
616616
840580
586699
171582
607384
138790
481734
161616
200271
541455
597647
068368
058421
842849
621972
932554
884192
577565
977011
553274
196225
792773
998326
787457
690593
326008
443075
141611
339442
372398
303587
089051
524408
714260
663188
178007
137483
238860
987539
882278
827637
561842
500646
131924
679880
841830
996107
163079
889274
274501
732511
220547
208232
407886
290908
302855
518305
981342
150227
628563
150214
549161
058142
152559
242716
966074
518137
105686
933171
587904
179156
622024
796976
968159
541799
297150
800246
463331
065956
797266
675725
082536
295518
362272
254119
396239
657957
539784
381263
878514
625394
585111
282930
434328
072361
206412
601764
972190
519379
313155
203033
791511
165929
778810
512419
098944
047706
513861
460049
146952
279319
126787
691910
405006
768817
389044
369433
238564
765805
350026
897094
848807
446278
538087
322523
069481
530190
654168
987287
680310
481541
655493
270946
945405
229987
236761
503898
543101
824823
988779
382488
701983
545264
025575
636122
900684
079754
665334
918562
829155
668006
431016
088958
766907
718846
022026
439391
690338
424438
830405
220857
037342
230949
306531
396280
094781
290742
911291
282098
435864
001798
021192
698558
039297
797321
105363
690137
845948
224670
037146
851702
208490
182601
360929
226132
398799
111451
677914
710207
371731
876403
787930
172093
274874
761662
549788
241210
735820
966957
442652
233074
376505
113139
865394
957333
572185
129188
106050
682508
331567
343114
841749
117832
355178
537415
204427
327392
937115
897370
691446
922664
370459
280691
766274
145579
617823
473245
516783
134716
308618
766531
180150
388758
208259
675515
186565
837092
031694
029111
793407
427938
782633
014009
204545
935378
694651
055856
593742
903616
820598
113838
232643
365438
233686
054533
477593
984248
553666
695116
412366
664576
304129
119951
767008
676003
812729
839680
274881
136990
392820
571214
212790
967698
768700
520652
997797
170229
895358
743345
896546
073351
611728
588248
339544
213192
867719
673477
339764
486704
183380
210937
842344
611732
646052
962554
697744
666431
620647
456361
352347
889125
660487
731688
757351
240399
484032
723546
672089
841920
543277
634474
064912
552227
146089
075484
972555
507862
459030
942254
784036
294514
755425
591190
289416
013226
630869
411660
377198
022829
429763
693018
487757
371909
859493
575366
232875
964038
080826
637147
241719
343274
412855
592059
121032
698756
191766
191034
686357
305960
861398
831762
376087
222915
574347
372303
638377
481899
461917
343778
766123
719344
547457
391923
823494
767020
629962
530429
084164
251683
509007
216323
429682
972058
456639
518962
185804
975633
248891
607666
604382
914287
671745
249765
699100
802272
073411
611314
642986
090149
902874
979793
731745
075528
519296
706011
651384
436146
695367
182478
155032
059321
796110
729619
733493
405867
691417
129129
073768
531697
273985
368473
548603
274576
743865
864950
576587
009824
197163
481397
492876
322314
694207
577525
538264
145892
601839
408273
198098
551113
929203
416328
695514
558049
373575
595531
205353
814894
496388
298207
130612
419375
432845
083972
867996
633339
518843
328056
041785
820190
216350
746602
408157
831159
198479
870959
814385
936216
402682
357171
692401
643077
807120
181584
606454
733961
389779
286842
089023
509825
017028
365659
826032
574102
879261
433599
805247
733722
601432
648217
438129
276945
747649
098470
129173
160573
582478
570331
755678
401833
794326
164143
261816
126151
827180
187541
974066
025375
206277
213348
191890
949996
984671
082320
799960
980222
842909
333785
158948
383523
209169
740195
208548
877455
218018
604118
568970
937468
952855
741231
365661
353578
107977
744877
729610
058218
116580
712148
454700
259314
192188
726539
946368
053310
205849
347222
571986
427873
179500
998643
394278
597957
714624
533733
489073
173629
672745
201164
703800
373821
917908
716071
798390
206176
804079
512104
264037
908597
265558
283889
387449
319684
738679
821072
082383
381513
186122
282712
454425
620774
490611
190227
837031
310349
767035
685646
854979
302561
363203
772783
851962
767385
899676
727362
429529
948849
591759
662849
988895
056982
090355
160690
028800
458549
403356
457542
678349
860720
751345
424164
550723
949334
213351
966567
174989
623437
944725
674243
951996
068641
936318
858338
495090
826087
004055
838002
000559
127000
001712
399639
177374
097437
553825
851192
773697
243721
652989
145003
440147
304468
502626
132012
122939
755267
325651
667395
117286
216467
642693
410303
715210
935617
512275
876241
946256
070113
053958
286332
176724
214727
236441
245996
187193
133031
121423
640340
317441
713686
620594
561347
621921
389996
695598
451275
419557
807146
105855
384778
931786
260401
080654
416014
096131
826383
334428
493382
994310
009245
598126
422473
972004
701373
571217
146043
597911
655265
511219
019072
442258
772195
052148
754468
841640
415461
020921
840105
093132
592161
985402
508075
060547
297301
739857
162106
048933
784553
887973
365350
923452
902269
033041
966480
894336
864074
428964
765168
039712
345104
191840
058297
745793
444390
446549
505979
131929
299668
384093
777374
692025
112353
525593
138848
724996
210863
142754
258135
038611
394408
041544
398439
596082
122597
249355
973251
265031
922286
078726
016896
970686
238639
852914
663095
010316
475935
028681
698778
237268
041319
646929
415461
489221
542797
499647
375130
492002
580699
454634
231451
953638
063941
070688
433893
686798
