447194
082021
876963
734335
144562
211359
946848
410386
583980
516196
186681
642419
585630
578362
763821
242947
039000
972983
776101
594345
403457
758469
475473
530749
165747
809307
520859
132538
845066
742020
927639
599264
417951
178854
936252
929199
594072
262108
767161
533140
470995
895722
861955
350222
617279
414852
879697
946697
469243
669370
631241
944802
085062
156050
733752
612924
119928
217533
817246
150855
414657
132722
376880
974731
431541
436198
907346
560258
915480
924976
399233
922323
966670
861266
650703
805198
575410
705494
903824
566179
659487
007409
439136
303134
463349
591685
508353
169741
022912
099181
332136
435630
606547
535771
171433
106971
185818
530357
680734
463734
094759
172323
548234
854347
965939
044846
698984
101223
467907
336967
136614
915132
571701
464410
628838
625109
075526
385952
905040
216179
069557
797140
502750
134493
355931
784086
212516
259444
461167
965134
162056
603997
723947
591975
173189
225002
316694
794119
008765
573583
203540
052942
309029
121271
251210
847692
694359
016767
183560
539943
983602
278496
457928
375292
594931
812317
068029
401187
129566
233412
970470
604586
563938
590738
550675
991270
020077
304586
367841
781582
638263
822037
507434
994705
707092
968896
371306
508188
836637
384235
725888
998029
985277
635226
938115
297137
192699
237039
928589
835994
105060
625835
121762
135477
735516
506983
401010
589277
411329
843870
322889
323274
334176
052130
404935
261866
768618
359544
283783
568605
375856
061609
871334
090919
087184
551056
766090
224914
058934
589807
118914
218270
656916
226762
296348
947205
413134
680729
636548
810099
339061
074741
464898
198356
332377
585041
749163
054875
349398
609536
478027
079311
359587
471117
179605
876663
679808
403925
557917
366996
834929
102714
370326
159182
821095
273960
417459
112187
140340
208312
708315
294074
172457
840363
691412
238108
879283
276465
169833
232968
296553
210159
207250
559509
102410
104682
280851
469005
596113
481779
140452
233208
364137
691822
436095
996008
044705
035191
286703
664925
554164
169033
769798
862311
280465
056864
131949
035673
567655
353272
368827
896401
883504
354987
172538
773697
566654
319157
914500
836612
686152
138543
249035
462717
635669
954906
296914
209883
610733
871583
554138
379374
276326
989243
537968
050910
536115
806040
410605
328549
039471
844111
985600
745457
618302
964768
362829
330885
259552
880068
424779
712855
359698
468851
862684
212821
755766
106352
062455
646005
517873
197120
571150
143894
112039
788524
999088
245016
239944
054257
613954
295674
907464
265254
299686
356963
653479
644412
137012
030623
514533
934214
196297
792586
575367
882377
528925
546959
779183
091445
908799
580521
079609
902534
977534
871116
013121
601019
114205
519377
617086
737493
054795
333264
414336
471132
797505
714964
516710
283577
006965
948206
918345
659889
292462
969994
110259
028981
617195
475097
471063
249219
844768
904821
324303
290078
022094
911468
276632
483047
584804
591011
990241
888098
185070
179300
056221
496789
500807
972703
511354
725709
874756
842056
298223
076994
261650
458808
660764
254931
336513
193297
691195
421798
440405
888266
087764
063723
542174
067753
079071
756083
517399
394617
234401
407576
729603
749088
765728
993727
707067
600392
026191
499208
670715
921726
160536
116466
151821
234455
483774
289731
106153
860464
260629
026874
568074
017710
793832
989133
711448
768230
350879
030932
012277
846901
178185
797779
445623
946963
010853
117796
418083
305852
398057
971951
191734
395575
562346
755078
995590
110364
565433
223140
895004
455157
814854
997162
180834
141503
004184
556909
162604
290505
619164
490153
978445
577534
308465
949943
908705
204928
553362
304472
837805
625350
267832
014074
298815
171098
405601
601301
748170
982908
167090
130082
484514
514930
524956
063916
606670
279711
969031
296513
284035
963587
286187
705402
294699
025564
052622
851671
006028
896434
467444
016190
688171
282079
355677
015457
025423
379912
178889
885410
548036
045748
760077
341032
793546
618780
151671
570036
070455
610279
024952
417156
731833
209086
872908
651532
522710
464969
238036
124701
256218
768270
509745
988705
134182
286717
251756
780723
678806
024491
526906
160211
764770
183221
378905
115921
051217
762933
400011
819233
605832
210911
125554
759830
850228
892833
294264
795765
262798
677127
043557
171723
083163
393060
039745
275444
956436
426809
444193
504592
411244
564961
890475
956277
656498
722532
260386
758669
900215
651834
115726
454876
451274
012888
229930
172147
512210
135389
822867
599270
109588
477844
833124
060443
658517
448506
578397
583288
074197
848931
812755
831482
938650
106780
839755
435615
683518
934613
495083
381336
492192
934883
129558
306233
455168
291049
784484
780828
785550
417517
146778
384962
465080
176188
249508
483183
764409
404753
220780
869891
414275
650453
597287
352381
081015
284458
065623
251517
457964
816828
851435
276884
399283
172150
761918
236132
860777
469806
380453
887389
885139
419968
719430
364548
248390
120379
599055
451798
408303
838507
913313
089416
985006
785432
539644
891203
672705
340944
296321
195402
024616
898361
337341
989101
685774
412206
973958
238244
417932
361606
611291
380687
157773
783815
216698
314399
015918
357400
339313
186824
600365
536124
318217
788185
693506
740200
194684
552851
033850
253043
110007
063626
535889
630679
248758
089999
752079
328518
596905
752967
319254
926797
455278
102391
699287
994516
784228
594842
809977
122080
811590
001560
098223
834048
958604
097677
559177
308272
585799
629501
143975
234741
772672
884573
659658
265354
319543
172828
843006
169335
858825
940936
072444
767150
890479
068007
890721
909531
183113
613220
294485
239999
794607
400546
203904
045933
316841
074700
072392
960577
968307
513305
932738
170045
327386
149579
947146
210160
484127
223432
927736
618516
226275
712480
417596
952626
481364
494724
157473
778468
933979
129289
588903
498975
120089
184739
951034
978183
350936
583151
672922
330549
489508
594117
669229
201713
702907
129834
335074
503587
227476
992207
816243
778189
222097
283031
790969
752473
833715
348917
767310
334335
043663
263999
226429
497484
926385
686555
851051
578057
257632
362634
600108
431369
173391
157487
595484
489641
349058
931342
014400
876205
063152
293754
168185
662759
839311
983739
560129
349306
710044
105897
230116
289990
708695
572976
980793
691427
079842
897279
341058
194007
859538
598345
596865
925612
561998
747377
328242
254251
542533
983136
792812
563037
745130
817114
521523
438370
926705
733034
621347
459414
480584
719188
608385
796231
874270
779835
096988
724845
019848
312705
364797
918225
008703
640630
000379
913231
578272
985805
494450
925462
967370
921906
511779
122662
545757
186553
900334
557950
243621
913551
596166
564653
183386
935623
332425
175585
479365
188111
106996
383512
109075
933235
030125
802722
990107
948201
682732
247353
236899
356688
905629
290842
933374
267210
650966
945827
259902
516615
361784
012402
435213
212952
243824
448779
795323
913340
837459
250019
222017
966821
860486
977844
717306
813495
