712306
154496
523953
366617
838834
479838
616719
933626
632869
203767
877712
494998
845419
096103
681988
646571
765441
651330
619144
338516
936235
028434
754805
870111
441510
123134
685488
398312
096818
975425
104461
841739
311404
983649
305103
067098
781642
809766
349891
224210
386987
103618
636130
435355
597320
876390
789362
894794
981757
448593
699591
673626
147240
708784
860168
740915
767175
043108
651354
089965
506144
313372
598718
051500
842222
868224
285635
902080
406953
017871
338123
312958
831730
735192
618020
261848
215214
763151
077220
688708
259046
652871
467165
075833
701307
833830
020550
464874
743217
022571
363473
136837
147521
927735
025304
060184
814992
304840
391284
135732
756304
802631
148822
463831
442401
948243
402326
449860
889410
837349
615631
332443
364390
344958
895927
678183
408190
358927
576751
466150
192800
356869
010345
408735
802028
487230
139430
269179
960466
875874
912047
976735
120378
528484
064959
288137
956732
105742
517257
570277
801442
563483
505663
367303
977310
765718
662572
044424
791805
442755
881070
931387
879762
215132
692965
875084
000032
909209
921563
212903
292634
650416
703021
667776
417368
989741
133795
250215
843571
164274
347725
449998
107956
262937
009683
798605
214607
770379
816160
181590
780870
043569
135416
602563
316410
123301
269232
103415
728405
468799
315824
489139
456570
376476
654123
529407
747532
120832
671029
852627
193769
015491
353816
927107
369831
617579
456514
636511
621386
064567
949855
579128
857192
453125
420375
778227
137578
381188
920587
233415
507572
613446
171391
959183
833303
033885
570459
805962
937539
595135
388485
183469
844425
556993
331146
342725
808920
860540
120471
671527
504202
306891
848041
460134
982810
778923
609398
560937
909172
942680
100573
313632
606841
173532
163900
839953
972525
577456
918433
482627
618242
086317
827883
052088
616344
729439
537411
683833
772957
834093
972235
880534
389855
912629
981277
760580
715157
439129
678972
605483
251184
811692
972539
221921
932966
802731
384514
761764
901003
146674
188368
457359
981651
530718
268091
418056
295865
194915
449505
609853
276042
803077
385109
998861
986990
880346
100082
799741
670748
486320
247648
669683
384705
947025
817422
714187
586281
623152
130035
810156
949135
722082
630849
074477
157998
048515
686507
848462
547058
959264
572928
133838
361985
856480
743448
554924
259085
146800
294189
727478
253380
927147
550426
905819
799616
442870
222945
478647
983242
434641
215671
252682
054367
423334
049094
556840
956103
344997
039012
343137
479224
421427
410061
143550
742807
543440
653323
584047
713439
660082
130607
276276
435238
391972
526359
466301
882423
542980
157762
447568
688337
074331
530789
054922
250018
050215
511632
847072
168027
535870
798690
526590
302160
107224
301864
857574
436502
963338
578426
094111
084587
765506
168475
345950
057513
856296
674212
395759
277812
513652
204986
074352
696158
386201
085424
061226
310879
771840
065342
019954
895392
668659
044021
379149
545550
522348
819156
181117
102109
452153
761617
094884
529168
931639
252133
995133
474919
307952
570671
490520
894524
904085
373214
157079
860295
972513
605946
462815
026079
253767
909116
672321
702554
070221
781755
236873
408400
392368
032948
837949
851373
206923
900555
795462
209330
408559
591461
860184
888746
481047
101810
124412
486200
346875
614185
159285
524511
453538
170426
139730
434575
710195
182653
794011
708183
866285
179633
328686
181100
512995
636971
865302
288534
447577
770130
589779
800217
711192
454533
802649
090889
598016
630129
416638
640146
244461
834135
411762
710438
759707
280316
031279
635352
928163
527494
613569
593058
485477
739402
306341
216407
230569
504138
265803
489438
209225
532874
291150
897528
614272
322618
755144
045580
796159
258154
931944
730891
281305
519165
429558
183825
870621
058779
957649
650806
986126
282850
248184
289639
526603
668342
647685
537441
252400
406618
431340
338048
272535
717292
261858
754420
874315
768730
472304
848004
265342
700005
703197
923642
302000
939681
708529
504823
521155
861254
990565
356757
935709
129658
526596
329883
808748
693821
802821
593046
933668
995990
507457
765629
427804
769561
162426
393288
186136
997917
932519
542408
085705
169687
915729
277685
000172
158993
712793
148462
156760
256326
397545
148894
514089
059954
181120
691904
585784
908438
120415
502729
869811
818799
806200
246810
827551
169283
227578
429854
239328
963714
212317
709920
998034
844952
551235
370890
723002
887891
032745
088499
676829
439495
286199
713382
579304
089530
948140
496556
697115
166616
160746
824123
534071
872690
861557
206114
179568
018846
393683
364352
235329
984702
757243
406776
144929
385365
731271
295329
755397
342149
799875
271958
662973
625061
761751
678754
996080
411336
280412
330977
721757
902542
274178
886430
562575
743150
137462
921022
401002
283984
954999
511226
973413
123362
345244
952382
172041
972014
509263
874346
139969
762532
913518
418418
473711
304353
281794
100226
659211
966389
951345
829538
696368
269926
723309
228466
112126
706408
801012
660656
691475
473567
239750
264653
200591
176126
884875
537356
448611
986412
580362
111246
974435
881516
800405
839044
024883
549178
660252
706394
738699
896034
257491
904418
571804
232509
687942
905758
369276
633396
184141
631999
588029
037394
349394
918080
015044
488014
701689
432957
385868
113478
848220
820193
712716
244948
007659
864203
175151
624289
054023
821408
769307
727872
603750
998933
311824
444230
944958
769908
508658
053738
623838
486494
319272
092135
593555
781485
471682
297347
942593
608716
797876
496388
097457
602157
053670
068368
875717
829403
785234
765604
829672
711729
905522
125055
623685
796404
364496
132983
891017
487732
760488
747641
195772
557862
181543
136289
491408
392887
327238
024567
502467
643322
206780
947412
256829
063658
640743
124937
992805
318847
880793
415486
990492
218875
074838
740649
932464
329677
715471
285474
374649
826863
799187
787217
006828
246798
485745
227902
818874
863123
476426
871570
004072
515590
054382
689047
331864
028121
922488
040117
983533
727396
753344
807630
531231
672448
838471
667960
516809
142106
095738
548449
870029
244922
747491
193893
247161
360984
738014
266573
979699
164691
090789
123892
503074
450856
964696
088550
274632
129043
437869
428180
069803
268903
602623
996277
325775
738057
710548
844669
925643
501747
609332
845667
291902
272098
810426
385112
684859
645257
825510
133842
262165
355403
819995
877135
613439
224980
510085
309327
423027
121040
264699
888876
211650
287091
102351
378287
504023
976044
420511
423208
728772
519335
139594
672329
509671
362038
863803
642811
324563
097624
022042
828955
079020
617710
530252
665574
671388
184668
792457
927687
803690
275247
293750
814024
456700
569535
999270
625935
484620
717041
228268
790947
448146
891565
071493
497626
056753
632158
461640
017708
895062
428124
914793
022291
147584
986547
612922
254887
225684
126305
783299
338653
481956
964427
244980
862587
326151
391940
318568
315878
439821
644349
199070
304089
960505
263625
881052
208451
342359
