251387
286799
804646
407425
526041
502367
917316
973094
091660
303469
896641
135275
388507
804554
730069
607621
215600
927743
949245
564928
421658
266647
555255
365745
669180
164568
223768
997641
965470
329709
717924
089575
640159
280799
700933
539327
142619
081585
522416
531487
042414
437423
174992
751177
529024
073635
443320
703425
375281
000633
980607
853630
542304
544421
302950
015393
900345
722323
890195
555146
390048
245058
201568
040521
442826
041978
292184
009669
236319
064114
806076
564903
441818
057293
380475
489994
436803
327068
888177
511099
878158
990747
039625
667561
451970
764050
054394
083521
313175
303719
601979
460482
264068
046900
889919
317163
915096
933416
907421
018404
746770
271948
831257
598542
281707
804430
795655
034304
206461
514910
040824
319225
324166
291835
561738
313712
747466
345510
029330
639266
365826
987426
120884
787721
822360
957963
158010
166016
982912
069197
930576
578077
235577
306558
108961
100647
559998
696970
209599
645426
575148
109477
216011
550821
338178
810459
183125
093015
912532
222749
309226
772233
466123
832767
715033
672899
317524
730897
019947
822015
530747
012222
320811
232429
841012
256423
025652
859108
516713
978644
198203
820845
559166
382637
067634
045355
077654
290087
770778
519785
470757
423250
669776
049576
213406
310320
340908
037679
232108
799258
945384
731013
412718
122888
891306
271963
726476
331249
236032
694592
796652
506033
080788
121607
821794
739215
726849
700923
935854
232744
975279
255437
015426
505883
513629
182475
319379
766431
745654
764285
019941
094939
761706
114200
590759
794953
822631
692489
409436
126076
198928
564850
330468
738817
123901
801308
480835
234936
785399
947546
330401
865344
500309
296511
970561
099002
889233
063010
816400
452249
425442
873761
803258
405298
353657
460970
304515
134725
411838
904994
266464
412519
255652
758131
306792
138333
285192
835662
729814
356967
577501
346332
202266
785132
567295
798823
495375
627488
919160
900093
131696
251581
223196
134096
007869
265070
892693
883787
087976
608078
203129
688376
320591
672056
676593
513106
799965
761994
294308
163165
436033
223424
101306
543197
525919
034882
897748
125561
309971
220629
934680
923847
665261
643102
096444
345328
377069
262883
440256
687877
161796
525234
005709
721815
322004
489171
200729
886122
621888
436190
102567
051664
956079
045841
197065
529085
479498
969750
339390
054145
521694
809753
270136
718077
399480
389032
367384
098296
166689
191425
214263
584763
892048
468197
763370
382998
727356
007156
743635
086507
598379
069693
472647
231090
645331
955461
328711
463238
464513
123732
765237
016815
929481
620874
025144
849460
377565
202075
941606
546126
052324
574344
715275
856205
343691
698038
360070
447300
040804
687913
399014
188505
900956
523934
621898
988387
316694
274396
890658
536232
375687
275122
733345
607933
719712
526209
513614
302844
013908
075710
884533
306019
606583
594656
308636
329416
928138
489610
965447
642131
695300
730256
954216
447955
602524
049221
209298
683241
237511
891060
740011
421244
229072
242385
491360
952646
753118
594017
291105
024244
783808
757640
063864
691201
299171
151155
512629
051948
019030
052150
474178
542736
368170
664260
728338
444094
008696
654310
975250
924637
053969
904228
383113
607511
123244
283054
323780
739089
623459
015403
590000
322702
704508
078005
832391
282509
898414
615722
435874
224989
348277
514331
205353
897064
315351
306675
628247
531773
985956
736884
685248
129059
844272
882156
276955
370854
748107
606880
135288
628371
919459
551802
394276
601754
525634
015314
159807
167502
125324
385551
585837
308260
195420
564023
733025
532449
152991
428066
636341
416622
044182
603973
443641
540533
703241
578996
696144
669748
590718
806436
139099
169666
886029
950595
638186
751886
880213
397836
905374
064258
167364
098452
531847
487852
362019
017284
493536
736279
183600
451896
156932
249223
855923
036947
486650
436587
608816
836516
009952
629247
623558
859482
881799
141730
758862
799744
075639
469339
257681
102075
879638
971127
795321
311594
730031
776120
627684
209858
390220
066283
839332
344858
801796
116748
744395
332837
661500
070175
010311
364143
220349
189724
807735
385381
661226
194203
110223
364292
451059
050084
238267
806247
637425
206282
792259
430626
046616
835792
219417
467715
784255
744122
568716
081382
876031
470430
912244
134017
974452
254532
741088
786878
739284
865118
253791
556055
056844
934955
875071
971778
713513
895682
996371
918742
249183
128508
687842
333900
858475
755388
318561
035590
873170
569625
258060
797932
316194
529230
415367
821259
258805
770538
272672
767180
356660
674406
396047
793603
839048
293487
372180
817272
080858
247815
582988
372173
357836
715092
945583
567931
146490
902228
756967
834342
399241
257814
291069
833779
740932
061718
641337
750246
156299
002807
492743
352650
674068
526305
614893
940156
325524
824541
442636
917554
529284
028951
663912
237851
762339
941515
009714
782031
178102
322695
192509
324259
837107
500196
948874
006415
906893
908736
778566
407860
830336
374537
424296
062616
743204
727771
296646
241954
028613
021854
932837
138424
214858
584312
308200
397435
166497
917964
355518
166729
343744
653458
053944
555470
163719
142980
353860
679390
243416
668345
843610
965324
484521
855102
629024
739658
765374
079425
923054
238538
908984
361590
844433
302664
518086
774896
431238
399732
990338
878964
117810
744728
295477
616288
271795
596598
618684
895734
780340
897273
744200
847505
058628
903698
662909
660939
408843
548091
303289
674008
026743
187649
469422
509206
737742
928668
189872
613038
700427
178497
082058
040047
678382
605360
112239
506462
209804
070884
884227
076798
981122
972487
595197
840584
110438
571840
761996
456362
863807
754695
290246
663342
322388
881060
313809
295631
049821
296262
415913
417625
949358
178761
553546
739283
415037
318184
857347
484088
213418
253851
397195
691846
687314
019846
031437
002426
181045
196381
436481
846994
875295
850760
056559
169452
562689
337348
969577
472525
604090
215400
867345
265717
601340
721074
183917
606247
718280
694202
552340
436115
169424
650748
227781
703900
945263
512556
785169
082290
499664
170477
550543
348112
736308
686014
586401
941739
994636
722796
583211
322966
668776
256328
682161
084028
684861
402561
092902
536016
804214
569542
617732
349178
077896
026206
228222
027896
478855
468306
736862
337135
703925
022938
498410
881037
960520
742747
840525
574028
269097
411739
138064
355935
230458
654348
361742
837610
024392
597752
891311
500689
862684
901956
612353
984676
845325
009118
709588
304730
137124
422153
207813
095559
062997
585458
059235
383179
808616
398003
911118
908020
288255
527318
878480
973224
026108
822261
823663
119575
822249
434064
070446
477462
636382
301538
944263
494065
005766
170039
897167
993603
184077
267673
658102
081681
158155
582552
610802
651723
254468
879283
542917
313319
846615
876474
609041
738328
816925
510345
411289
238643
271654
149943
849660
901150
190179
345083
425710
264947
196790
351086
684827
232330
585120
785540
720417
576418
