613557
104057
116807
500598
191043
683468
667037
695161
608911
848104
927317
089615
475252
298004
126939
018844
301039
043742
508510
605411
539953
572944
302824
570313
840841
467588
840252
928163
113976
628239
029253
530473
545118
530642
997899
991745
603751
144518
917812
056343
256163
348580
892570
031484
106709
802851
577573
408914
151459
191072
811083
198419
990542
110568
348930
773410
862059
610378
861333
918897
220510
584146
196138
385501
857231
307008
243496
085154
718998
896250
217681
433731
971982
764464
602554
170868
260987
762783
833529
599271
628076
680300
263877
772629
669593
323412
938923
568659
765362
976069
980138
527627
957532
213076
980008
310286
520274
770714
236662
204216
752641
359881
586240
888044
030269
736586
178936
079359
243843
950469
499838
691627
271176
386571
089411
006419
101214
609023
471105
114667
069209
438093
475928
254792
604602
625977
733015
784046
380987
452522
608467
169753
440765
535811
484379
728000
246811
651978
471954
183901
911104
143893
211379
223621
169522
685794
322250
097699
355623
898967
154314
634890
738992
651087
937820
570975
593753
197641
066788
883043
088727
026867
737128
171238
116911
435488
086905
282784
415939
130963
590147
023502
696670
716243
698447
537266
633202
843926
562340
639626
189556
500734
250646
130211
213085
220724
202994
975738
743901
965790
645151
512734
609846
410859
081576
558806
506666
569549
914108
888924
448373
187265
683444
677016
380030
623866
979358
292186
776406
961715
336997
246437
570636
146806
822783
409247
962588
228096
667831
694371
313633
496887
017080
942223
765668
975236
468551
849874
058548
344198
884096
619703
327352
170362
659657
986080
592077
887342
498286
096805
297188
396043
296941
202906
096559
130660
468083
347030
015358
005671
119691
697335
398795
338603
714518
140591
889966
745824
985235
973703
071804
250526
609187
181093
518248
106603
262442
381684
202784
612565
924323
732441
409638
129046
495312
149137
403428
067204
427170
263600
170708
816227
908795
074507
674151
321080
090047
513077
232240
841233
731354
530679
179548
836688
688576
815666
787446
942585
489118
676899
927425
990072
325105
585378
170829
244568
496387
198934
788031
576022
147948
443599
512221
310271
164541
790188
458407
359102
836975
050541
548730
205964
129533
012273
018225
397821
353761
546849
685753
487894
608150
119356
738351
339599
597314
977774
354441
442720
413620
100710
594329
429393
726349
251052
495171
792650
971191
983926
864437
445827
122752
787241
826507
033217
069165
982853
015113
815009
619323
481400
702364
126998
998458
039584
117052
660640
716330
433542
463336
382965
680079
160555
601387
127933
158622
285187
422968
375521
789044
685177
834961
073178
117680
260900
740734
105559
944561
170006
582004
500512
853423
721022
268833
347605
878269
563655
948114
232954
838771
792031
558029
785647
218047
098779
878966
838722
398526
117844
350150
603378
550860
054734
488685
065399
614234
939570
877990
588140
502632
956115
990363
137403
974746
642737
161109
159718
797034
680919
596836
383071
769056
655441
339426
162527
503545
403993
370380
682955
223616
145490
007368
642353
149063
702124
088508
932307
470417
394507
502345
851902
444367
288360
069118
783755
334700
457737
999025
854958
597760
931891
472217
562360
331236
159032
317917
254690
843947
436325
118731
790461
275162
714201
148225
856064
989646
959365
972878
909066
059967
130056
840068
453352
586434
530386
053784
513578
734544
265714
516348
598993
412270
885157
102413
233978
095163
038822
666646
554932
810041
139359
871636
800446
985871
343444
834380
410384
152485
501908
665856
196655
401294
210393
231607
895821
496733
796263
843675
427525
476647
643873
034918
842105
995678
432585
959586
176420
376949
674435
271717
468938
802527
582108
649249
903614
452939
904305
839353
462963
978613
759048
018529
390844
124318
605866
924510
734382
065730
501099
542581
333714
368931
992949
817329
293447
076267
237935
269875
891568
271169
269608
956798
214348
815747
594412
735227
540330
942646
588238
414927
467339
062922
598445
215429
952492
080383
539734
636368
294422
194508
325836
543413
350359
782155
791349
756971
623956
916382
308703
347640
907481
423690
938389
077850
036009
218127
543787
576192
011576
875101
890982
893919
322183
157259
222908
278028
837791
387971
558416
141031
884812
515480
682525
319313
892447
523023
808362
492103
188843
234470
920175
882041
764628
829679
660525
190794
936080
590703
333726
847193
491032
015628
149887
170040
982996
062953
759750
964001
669656
194245
245155
416524
881368
672863
246223
760230
041394
524174
425277
800475
291513
246898
049201
699124
150100
268649
155991
371754
719648
069816
321924
353174
509510
897646
676219
463406
791035
282096
658813
729188
254929
318783
305035
348227
831098
269191
931479
758555
549832
647382
871016
345846
946637
944377
257581
667182
365485
170039
446376
423339
583325
182622
688874
211960
629029
387784
536705
997967
750688
580735
030325
046396
853281
542772
798563
358582
776641
008282
539979
501349
686581
906860
024746
935860
245175
849686
549924
788965
315408
132121
804937
460334
958473
317783
143797
468749
568932
369030
832990
354535
625222
302570
974489
126429
391440
083927
072980
444547
935220
230334
704404
472953
039765
875808
831313
120892
415636
717069
506696
743479
507374
527460
590764
138357
313533
595564
735689
093286
115488
152105
609716
081169
298011
426049
592720
028991
330484
260233
552593
856795
500161
650773
852960
388794
953466
632412
090876
131876
686945
947980
905935
050351
246860
191350
002322
770000
804306
209294
141826
966187
021369
754928
223286
684296
187294
647030
551683
805021
293364
731567
869525
754728
327893
136186
408599
769117
165484
829455
370155
964223
474288
817388
513119
242661
630696
259018
341890
577239
062670
826025
077810
147022
595348
881887
942858
950417
236524
293282
157154
512161
379933
321144
396032
136656
244998
627027
768797
827195
906651
349761
409418
641208
017377
675812
961772
766981
391578
102280
659386
677359
557863
945648
271534
224773
160869
992055
901625
026903
069216
073580
205749
657854
899331
062976
008118
911798
948447
018703
726920
729781
717180
293879
833963
750904
431286
725935
642202
508503
099549
276758
870240
851014
837057
699710
415112
758073
693764
387776
808349
590246
657788
246614
748256
673319
009865
639968
308123
232218
246061
153474
919362
743119
557018
361510
208059
340870
520550
635032
458103
900402
928203
717263
583978
095827
519020
241310
186985
421144
465696
332126
331727
783968
333840
423281
011991
811200
973038
748718
720399
144344
311899
304598
252725
164824
675258
884953
764007
078854
047917
188048
879799
076785
841607
839895
991291
762888
704291
848413
042443
518234
062805
021807
919607
575391
100584
972964
989723
939045
203724
858748
893615
748664
973987
719225
237283
439516
456468
649593
549473
147468
356541
992868
336834
826702
374089
852246
691049
955394
926502
558954
922978
754189
207135
635805
090273
149579
899820
359978
759857
868530
017654
658726
529750
537898
483267
256775
007775
441151
110232
461025
516194
