449301
376783
291142
186438
151957
195334
148316
086947
465641
734312
132339
554802
108055
692243
472585
715635
852857
840892
908900
596262
494985
373298
324380
604254
452984
936031
191316
910306
051028
805195
404137
189911
758816
061607
342191
029584
609548
147776
685262
222272
305604
987242
127902
217115
626572
065182
450415
252566
591747
598376
049750
502292
274408
565251
101023
466123
506961
413308
821334
387228
073639
701977
802093
567516
595781
373461
105802
796756
022330
119962
333097
719966
791565
347978
621206
717769
512139
700942
818982
821046
967152
308735
490396
438610
349740
536485
304437
709317
147639
300847
295149
247082
399444
990229
956256
946455
584512
555375
373135
799105
992508
329747
747039
103997
330217
273770
663972
557433
331816
852108
701073
586314
809820
365209
744663
450789
572855
882551
663927
513486
594543
528849
740656
187687
531508
286418
265426
217764
551712
680064
631273
098217
795830
954505
148992
676583
090762
510789
522977
114157
393999
507677
704593
494623
351200
452252
948316
487265
760164
385211
815513
836861
510319
603749
876204
141857
571397
555130
289456
442766
052699
457345
264683
278118
490051
303460
350950
075741
318547
620139
295714
625320
432148
983405
928202
723563
810986
557119
464245
410400
613854
319648
673681
698975
223988
494558
304894
209941
077587
181513
159862
858778
281843
235804
630657
594607
360969
713481
320945
142308
804963
792482
608498
199767
907750
591034
923023
537803
216835
273194
170867
755375
686725
816777
801178
074380
898660
142909
804148
639858
600087
314124
915371
524658
492921
610139
914129
722698
778648
747407
174138
289039
217739
149931
433988
120049
617308
848439
988107
166981
886350
103691
960072
498478
329580
061104
538492
912232
730068
243755
783408
956852
883847
688637
423849
269189
442620
559433
348985
955832
636328
709319
082739
705165
733732
377550
894489
960915
655496
883264
518205
106011
465258
497450
045155
668574
088305
662375
399928
469701
085388
188306
569549
307767
812954
940231
992478
695015
797066
752690
508816
325458
392121
085404
227335
678479
240786
024564
189828
740332
236559
512874
689566
069293
679254
456331
991241
071180
262365
651432
424399
239338
669233
240626
825664
135431
237549
362384
903139
568158
114627
745355
106980
883510
520411
512919
746708
792803
443324
970463
546560
128827
093682
657732
030553
709099
972160
058989
789758
007816
042746
781883
886374
853203
868563
270609
121982
106156
322507
065396
986891
551098
227740
827971
161712
831266
032854
858730
618036
235203
680056
481751
542094
211059
112025
480212
773192
375803
647357
841808
702883
201772
403892
829366
636346
536511
363977
696634
635439
225324
955725
835334
151925
469474
005085
092068
581450
288393
712577
691855
541289
812295
687577
331490
962371
283922
356270
808345
930878
826602
600627
933103
625778
734934
427641
194845
841996
142383
199314
637860
482353
286957
301909
501436
477290
252976
501103
530389
735409
954670
345670
285274
165710
682131
651922
001056
222010
169184
245897
434981
855028
873796
403347
646211
286055
860978
403342
072666
334943
563101
562101
745700
279123
740975
445152
877856
458290
233854
739538
043564
333321
122750
966858
020922
913910
426033
505878
682341
971124
826854
251693
861452
032169
624783
771570
213776
966992
547714
300888
003400
832927
096671
592555
730067
990882
994079
606759
267177
035739
315215
983614
495182
783715
210073
626930
479913
790521
449992
681922
377224
327241
037891
929122
377085
564625
078151
424331
859512
561743
677402
328072
260738
670501
972346
772198
726271
261239
319120
583678
088635
590257
108446
598160
179833
806442
984882
123273
691004
500169
892644
531322
079775
758117
453808
351483
081023
209362
468849
833010
546640
465225
957627
242999
496570
440007
837440
529833
111743
477944
216879
501038
068970
866790
296607
933391
711359
724779
276067
020865
812890
717698
835873
238810
712687
497107
650436
135023
400145
941329
962084
982848
059960
884324
564405
116221
331183
015722
408672
755279
491341
658019
787932
801861
945083
184685
306506
031153
478708
096032
026266
856367
310584
226930
126053
375507
985728
945220
207799
673758
995331
109144
080924
531485
523925
726969
485668
773680
829536
866606
029166
549746
900523
912190
812422
811803
584241
247768
256441
102582
296898
992155
669081
810513
718177
704763
577657
645194
979728
030769
716166
811040
844676
679093
544491
635256
016762
982135
123686
371104
615461
606685
327250
724657
472497
269472
917959
772757
804675
291112
767983
460456
451323
921250
604355
426015
958288
726934
867466
062782
131826
088858
550736
648225
952309
236227
544780
086876
545192
607608
515636
620303
730314
010928
708081
408158
332191
960628
352207
184284
804666
197065
380497
525543
914479
919682
248551
113592
187003
197407
302710
832515
196010
793502
972878
883553
022282
531798
547768
101218
915962
790904
759230
347011
160251
331428
922121
512920
112644
703228
225772
158592
955913
076367
296392
418893
547204
992370
311744
178244
512056
434359
194433
913180
632212
726435
515885
544262
571282
327942
306559
143790
482403
580404
231244
700736
692090
226720
626522
317877
816645
579319
433054
284569
551865
727014
926113
160589
770525
825920
756019
123286
126468
504799
069613
580933
272889
468587
156343
542414
943090
776252
770280
826024
264141
586995
182984
809864
394433
088180
113230
655491
056297
950835
441938
868253
680286
760601
466269
326595
567386
951913
138672
858217
058972
749152
434528
183401
126907
399862
843022
907413
286750
032023
032269
002248
641362
014156
433546
068619
858350
139785
678951
848736
854377
490972
123134
209757
491559
915270
193440
948414
692761
656820
755204
914766
619378
725768
503124
035349
661188
317282
370385
775193
064802
993915
626601
700630
973178
954148
493146
918730
295171
310534
653529
973835
945886
104878
101967
544134
597932
296616
116906
463601
687367
686671
790721
978613
568421
448578
653331
105460
916877
004453
494920
772093
816637
818524
867028
589280
523435
543353
391284
248114
393402
484780
321121
483194
370073
458127
243815
335266
981428
239238
415497
404786
960140
242855
561036
749728
249976
998173
752965
650077
401638
913539
956101
147190
757002
678373
579980
821426
046443
722168
572305
839054
982662
319806
070248
506944
203303
117448
322160
213200
835751
967722
920594
870161
552188
173682
508377
098188
048793
296624
339576
739348
971698
806995
701748
461407
880481
364548
358597
904371
822549
915485
936630
655770
199222
605878
142431
305088
581147
646081
876058
530375
989463
721951
516760
971747
987638
657378
299519
999340
237889
523825
910132
183997
247400
040513
357490
459392
569649
566283
637290
520322
286300
031254
379346
559385
468999
918777
088904
066372
181973
409071
356391
988518
427940
362614
118416
621337
667643
217214
356627
526024
994002
532164
412848
457682
003972
144403
567198
676214
263402
632296
439485
838860
406118
438944
377654
389159
138490
101595
571845
776398
013569
908093
959474
986804
247755
481778
440277
336906
017228
265729
238590
070329
598377
446607
327960
