821326
643331
510518
106316
691765
498420
176204
163396
182677
543228
281396
021312
529859
673798
576153
646764
182453
012189
929655
490286
222390
561446
544857
216267
457314
778227
595947
694719
566921
879923
327508
640400
755170
715020
048849
466846
225207
165324
702941
756261
955135
981205
702038
683528
614961
666902
717297
080422
443481
004724
621649
115984
313411
896807
334963
239737
102027
624272
789073
469114
101505
425960
317675
481021
351620
620390
824572
132601
095529
227519
471820
834616
234902
283386
356237
406532
506819
688850
948769
887311
352164
219601
424600
202654
913293
408668
435752
634415
309611
505427
099633
877065
352096
724504
407710
721853
429906
653683
814311
586868
298075
021626
678021
147611
769548
618118
546575
970038
016768
024784
905497
787698
075048
703013
547415
538352
251420
809855
933750
919022
349644
785483
141031
778293
628081
378292
989993
974763
821559
366257
841085
262191
788456
778697
890876
290913
360892
712923
983388
687098
156490
909725
224571
512722
796476
547974
359334
012494
579281
496975
419332
855138
009671
874695
042279
462017
709301
431994
826817
588098
966374
617754
344836
958682
641604
439181
520866
699944
177156
946340
157168
862723
248177
669565
825017
856605
261475
979298
758863
439965
564651
364678
253061
217912
510704
296099
093695
985299
056240
524898
361252
424709
803285
013637
352144
452092
361304
341730
805066
470924
545350
265559
936716
692718
469321
496536
101536
775369
461408
554348
955424
472747
257419
805313
412006
123598
102716
190300
673746
764242
521642
630391
504835
534841
088818
283268
112101
678229
850719
958915
569845
360324
940291
802602
229639
165110
703325
555480
933912
535232
022857
321103
652024
311825
126110
111901
869637
603445
037709
785039
845888
696416
008310
335068
370055
553549
152970
221682
104326
503290
318518
603193
973313
885873
611401
874817
710477
909180
699918
922366
070071
617538
223319
198973
918241
272581
193538
901676
845773
268667
788503
380128
633268
257131
560785
695586
235593
183439
510971
304116
146456
535690
776325
176533
966988
792622
182481
971593
435223
724262
852291
409719
544932
209391
332354
831198
245804
411512
617001
876929
129339
977686
973689
831929
532442
489287
686876
236654
375926
346329
218426
511134
695251
143951
131209
692047
319677
741761
876847
141530
557101
287979
783211
565660
441735
216367
184695
040159
264752
515465
735062
681739
407086
022098
452575
454362
822658
649272
364718
561022
416136
542320
614485
458427
045709
414492
444803
202540
417077
576703
882824
646348
056871
471412
294890
364669
299604
194688
550308
230233
277619
261197
138043
328075
707845
215208
915829
858016
267250
485823
475398
705755
730322
914306
233103
906219
916592
185902
624310
585727
427854
228201
740101
694537
124595
168465
558920
772522
239828
659065
923680
786457
753794
372968
679755
074499
618681
105806
057732
699346
123353
478929
793963
907629
814712
023743
945754
025996
603764
152285
362917
897219
980665
223437
428824
443544
811864
412997
656992
567505
864873
437962
866281
645817
950869
518052
132501
672832
777503
168314
954229
738077
432032
346515
091979
309021
574259
925999
611333
859426
161594
944117
055784
580266
608813
827185
871715
825263
475653
704200
617849
101047
114388
543524
384615
781293
710278
190115
534345
324330
943092
162719
486367
498133
900315
990930
651478
349419
892455
532770
417701
708577
848093
357644
453332
261347
942417
185898
199872
269763
375226
474731
274242
797708
724196
022949
171382
194983
037296
182986
292873
940069
639608
996965
840622
138501
587786
903403
426313
342344
111860
855435
234728
033335
388238
003233
939568
762510
615729
129321
615508
927386
399310
326525
905229
422470
025082
192451
074871
853995
245344
208184
559565
788122
744182
433209
485793
049423
366767
968024
730499
055489
302015
358612
419240
344960
530154
213214
898421
613652
901736
465723
904965
171640
118471
619440
819550
722196
071652
116630
605618
538248
314502
392128
613074
837653
334593
698680
232183
571532
369149
521318
658422
856365
590858
395980
188836
125841
000843
256823
580205
605295
807876
011664
708616
747754
662410
405812
014941
801208
065102
723575
720333
552466
470192
787954
905678
578334
674928
509778
456753
773291
859273
951776
182392
213841
801048
055047
702810
097519
043218
076001
062859
901815
126889
899814
025328
382567
661594
029105
573116
417437
037859
558889
201881
751710
257274
552005
372855
613355
447501
862814
980145
022708
789420
505338
136862
146074
953536
297417
995919
466735
941767
181140
598119
086390
389352
477184
386325
566801
837573
540477
264795
702867
210459
317493
600723
986803
475555
737302
021482
086632
719168
783905
603024
640470
472971
330822
265490
927291
811091
790119
181130
597874
612252
824872
354615
527908
283842
801081
518650
112731
798115
094454
142024
174032
642646
985884
082217
643465
293909
324767
690655
213351
115196
744857
647440
094513
140841
791585
574642
207623
128016
728908
720938
355410
513360
500197
733130
253513
579026
205159
086037
408896
901425
432678
844049
845055
226224
021853
578949
913626
293367
940403
965663
049918
725037
684365
757718
194913
335036
523941
364571
425821
031315
534268
068666
701745
107625
469697
794647
537566
665698
058880
864996
985771
354818
030172
307652
836287
928345
378841
373045
947325
111627
819340
540463
149792
331365
348608
367132
715875
110375
495455
611572
129986
606918
545300
669965
234910
821020
105894
103394
198567
912754
361932
701206
203663
169770
039920
369029
507004
745693
514711
129183
933606
892853
430526
756720
554130
668165
957208
072685
077660
431002
966685
341964
914848
939613
419003
685351
421191
535144
941693
850881
897727
265647
873140
728627
485922
267550
184925
486612
857702
515733
173090
033849
808329
801558
714869
430200
813924
287793
483765
988520
718987
202550
731231
838093
661560
094233
141361
182740
698952
189199
066988
043329
491241
015900
838076
566977
436239
878683
746827
589658
975036
230640
849694
180062
860067
239343
928946
766490
124291
133095
483243
735134
872473
379835
127890
993026
145658
533505
105077
378368
711233
194803
173867
441740
372016
131839
198478
742724
803085
379989
923318
653009
216369
572480
701358
453930
738764
565060
218018
443125
291376
828238
616377
642472
198240
819054
946132
763102
445938
235899
444012
077617
002626
901258
025371
398355
430090
850127
835457
154171
409996
993853
461139
437247
622175
012227
723478
589368
931806
530989
062222
350420
713286
834779
773105
361818
910548
814744
953397
631790
021915
897496
188559
175138
309655
215856
879593
774966
488144
393979
902410
327017
450705
518486
211629
457925
550353
132278
679064
190098
759445
434150
656665
951535
635097
003004
625169
125737
600863
425000
539559
706558
647524
319404
069293
390848
347972
849289
043387
227835
425908
871570
683698
294469
618075
944110
844297
759962
392342
160640
268525
858925
378858
828426
879784
617048
719855
104135
049283
402825
473552
179496
046419
328339
283378
795655
452775
581686
554720
396588
307309
401744
532549
469505
556855
