593381
090775
293170
189780
607063
883806
042454
910200
741139
903420
525287
420269
492377
234395
078806
193721
973933
229452
757997
593406
700007
214486
287112
629601
677132
021083
225728
566667
510967
032359
996475
398779
355499
436537
403305
055175
159671
455279
634251
727281
361407
589841
938289
049279
387411
138174
266892
251029
298101
999273
148954
250610
583609
022444
602042
305371
028404
592226
812876
792689
699834
220077
043496
980217
257575
978803
000429
724438
565463
243981
308129
283188
537355
234990
051324
581002
432169
202513
456143
935440
982214
156020
088675
756749
223096
587549
813848
434271
005733
301228
416050
965248
061573
104488
439533
322788
069476
820814
702103
081618
322622
673890
275574
146269
960739
009027
149437
017861
934023
916878
780624
382406
195482
292611
727778
864672
786914
397778
588372
489106
371841
941674
179228
981253
484411
882338
239295
262005
312777
157327
611574
519669
850006
259496
695596
848119
195941
252615
635258
392492
121823
139070
878623
578773
307131
079613
616567
431186
019663
870058
558228
117659
666219
021399
564985
320436
412624
011168
090213
995870
679784
728644
879263
991118
066045
408391
613796
209714
393130
091195
410246
430344
797060
791035
077831
298978
550991
675220
528363
824116
904634
331307
496849
888044
002994
503838
368154
256997
986188
011532
218778
459766
024749
008894
998991
954197
166465
114243
488044
467462
567290
565924
577975
137799
276193
310665
808222
111155
873057
870765
167812
120750
090459
159198
049496
902726
115932
618597
888361
701512
238768
302194
201660
040305
277173
314582
940519
261610
757804
918079
654041
924174
196281
689735
709405
225446
116803
541095
884618
768586
510831
995540
410613
422819
649135
126190
863993
771078
987416
752839
455745
498265
246417
623779
229620
892454
467863
643860
427543
245905
776564
942072
837871
641315
998084
183264
509356
418474
689160
908757
974510
951917
128504
578533
983321
431171
409632
365227
061892
775156
254125
838344
909890
354993
133327
310607
068857
624993
106786
887947
567516
579937
562004
000806
373475
612982
355161
179971
661785
628111
699495
839936
412587
014809
945769
417935
241017
609807
267374
641030
625072
636059
210974
181455
315168
096335
114893
408748
027198
979183
497749
122057
580605
142487
650704
874303
696126
986288
894613
994971
598775
336507
573869
033964
391290
653832
114588
099834
326792
267776
715567
881390
487289
493670
316820
764473
399804
371007
372115
809378
506902
669991
082247
086153
394359
852157
998196
241344
792524
799023
881653
281779
199576
640049
709606
412046
342720
208964
314082
114596
806553
301749
969316
945410
469513
163524
254438
858841
166653
152174
902016
182820
376345
961869
688400
691787
705742
679060
655809
562017
439459
092418
367691
853045
342583
493877
840900
640208
568239
310834
465372
063317
868307
546935
320721
194813
854983
591896
249721
844938
124827
218929
563168
829296
271050
915706
027795
411674
810993
001186
385974
902941
377772
160249
535594
475768
306026
401247
769144
379910
444562
347612
279876
168268
106566
156536
922723
763537
775697
459923
323571
467497
715700
144338
498780
308338
872974
080723
871244
170962
853495
031079
431288
641507
301549
114409
044881
117444
273068
767497
240355
045101
275213
859846
823920
409136
711405
061620
520336
057134
499068
663273
736385
137091
651650
531413
297180
147906
756668
049221
964939
188902
504449
214277
094227
659560
405267
008290
538015
497957
083292
763327
599076
395736
524564
173404
387145
853802
763926
459223
418683
179578
592088
959961
919624
236087
277486
375293
699173
602641
542001
623581
850020
988784
586311
031681
557952
049703
242301
880836
223511
590389
800668
252099
343554
334094
647858
230520
718179
128459
088258
734357
793438
090538
106527
367699
243827
024085
541636
144109
532392
118552
177409
535015
501064
805631
438376
802208
896200
852967
538218
906948
587396
322726
099358
117723
712740
407846
115895
643001
195129
422962
977491
856266
723324
413031
301799
071452
598282
118840
055887
958088
470290
961385
772652
658910
843414
491059
715872
432631
767773
122200
147981
194942
141978
009325
057642
720729
599498
310090
582350
223732
275067
704039
783640
378888
118638
896871
791842
296979
758483
881787
425433
647125
872547
628408
988197
033245
259073
272867
833883
007001
170053
764640
157181
717033
388905
111670
232963
848798
715514
480352
712237
404074
213958
977854
460968
146494
379934
100328
775589
109130
342115
654639
001398
816960
179585
160366
930857
270247
023936
826163
350821
460257
763967
331145
185417
099497
115630
066804
919051
820664
918466
019459
935981
350218
732242
683985
568604
884516
636415
549443
307833
149558
798599
390869
876435
549393
245235
053984
581736
293964
872175
293359
529546
507789
363592
015542
794014
442983
015452
882448
559282
716195
140930
964414
940740
827806
216369
910856
003934
536658
774760
343380
686155
579732
631138
880618
551527
719576
829701
821977
560744
890375
405998
786151
198815
466538
563849
744717
595916
724797
928812
938081
695365
608426
445605
940721
563663
942615
887338
301153
365856
728733
796165
515993
599302
894264
622703
068306
828973
517184
816548
645114
474471
572528
548442
206842
107200
514872
291306
289959
556491
946855
651168
133628
071581
820720
004462
696842
205342
968498
428683
774981
406396
648563
325824
893939
439233
945629
574789
078652
482879
055160
381177
500735
878369
212160
648375
706240
719419
188175
442202
688248
972647
593526
116252
898483
130446
391345
222213
415260
920101
440385
726723
871927
696815
100352
762102
394435
317067
097376
018519
175860
461335
600216
321825
424042
099195
948288
848920
310669
724704
914298
157028
777505
046631
203072
997089
920202
986708
810079
531683
322953
256856
020666
465995
208803
525372
225199
314797
328139
250487
539196
350382
362504
518532
353142
142610
219120
399832
352823
693636
800221
230900
543845
142411
989651
328722
915677
009263
073503
358458
089170
664477
007863
676907
702060
113154
868687
729464
911229
337463
990236
651331
698054
605921
704990
084951
249705
600055
161599
658900
645543
635667
162406
031262
473816
323074
553912
535049
355364
818929
344784
996077
858257
776898
899825
885529
942284
873688
781224
884787
567096
279240
243206
965546
098467
010661
208834
542480
767201
271873
983173
498729
692600
948719
749592
756042
350366
763973
975601
201248
439368
381195
960230
859932
254197
977362
274603
905742
825325
869439
277099
301610
522035
973531
552278
259603
660549
714649
350071
605312
892209
441722
431288
064673
272359
120939
104615
097415
248070
684138
600725
151743
835883
102628
397347
580681
038141
013667
706268
316435
449729
241047
434149
862254
153630
358770
407324
368939
981669
459658
879073
356064
302065
132812
090509
363354
863611
752958
667131
894976
837683
321855
290760
909014
083786
784066
464351
179012
236998
318037
242886
561855
038006
464943
475201
589510
889629
536487
079711
772315
748554
904081
736988
082152
591355
156868
955581
713075
457010
908618
530410
924184
223900
282268
787481
356828
394472
