194421
786882
965579
779803
557849
302614
458435
937013
252849
713944
595519
026698
258784
071587
208071
090449
879547
540036
168983
334931
530826
120846
845602
186037
644620
061374
960762
774678
438353
227909
189388
911631
093367
169024
767772
167424
170766
208218
327207
910658
784326
712632
035416
573485
853851
509037
694671
992115
801465
947712
133431
928902
769810
827320
354574
015623
116594
937162
223632
550795
813670
441030
733220
778611
142490
542660
873425
436684
406883
996395
341981
046120
564068
307121
107339
003047
859582
728194
398246
491478
842864
938226
313732
202475
006765
833990
093157
694471
391993
193455
339964
707916
509453
835771
439272
337349
591911
324669
139573
302147
609897
521354
504804
453035
670974
059739
925925
082398
719757
231989
978840
262028
290922
413087
088989
385331
993247
078704
748666
790590
550382
240509
099691
649006
996687
795201
137698
408434
301637
226039
698890
352533
793143
541409
028268
840421
265662
739515
896164
203946
993141
834283
319713
196595
814166
109156
746688
102263
039851
468261
890126
494055
145530
109284
756393
000481
938601
362951
879749
061023
221074
032080
880165
259611
866160
467924
219274
391955
086223
682842
479089
326143
510300
954427
974464
233216
160761
183130
468308
470316
207911
311352
028178
929373
726414
911571
878580
802164
905545
793020
721921
167418
545535
254310
709469
140863
899496
897194
651599
648576
152240
166889
752583
845966
035146
191296
305282
561067
893233
572139
770216
107568
506676
102052
287992
762961
687344
697077
931430
459052
231546
675965
978072
560286
328320
497991
049714
348020
999239
707793
992689
534193
831233
527035
225101
254094
823743
150666
349941
245056
777988
709351
920896
083694
163213
559152
108764
601889
851795
373517
028012
284568
947876
710716
851481
340378
431692
333207
989924
667929
466042
482311
476688
189607
325758
707511
600167
245550
784880
341625
488331
605267
083183
895948
976753
311105
700584
986105
274982
017414
398292
623392
538132
864558
750757
635264
303601
173563
352170
809130
996355
513536
518058
383200
628454
977806
784430
093515
140835
133827
971120
698071
714909
903478
363381
237590
207744
848895
985299
800420
027845
599685
495486
712397
725027
942718
857439
219283
601576
876612
347368
038804
953485
752843
861698
436060
093466
807367
378044
155516
086483
865766
992171
013562
374725
825810
760036
375894
517181
562154
303979
710686
782298
600537
297972
006076
177837
284248
097337
870618
236352
912788
819448
116330
006946
853002
412004
009800
884812
595169
699001
501044
254332
236700
794046
269248
590921
450113
319515
250549
990797
649206
490838
623335
817738
753387
402985
295851
553600
896206
838987
836584
225892
199734
131062
751447
460431
780631
415307
776653
781419
811135
306458
676478
839489
857172
716897
083423
888817
569564
843767
247184
505277
055960
751959
603933
628360
346412
468141
348173
557980
773639
596172
158700
006635
613331
828450
294303
383602
865675
325818
999543
248288
046204
306432
154609
560371
260436
558766
568667
920146
561171
520763
168164
418540
939550
318998
205056
494878
764083
891345
119893
275590
176774
145840
799497
530119
365472
591063
810845
167726
564946
446850
623541
552796
449403
666402
780340
082290
505849
536296
685785
026320
141510
250521
528903
056442
260537
335638
683185
253289
489402
306962
196679
351236
721717
711897
641377
060798
574258
409911
811679
482472
056858
890322
833859
287536
934867
223140
933344
302025
722669
100767
394450
938976
744516
458933
527362
757318
849973
488567
295366
580696
631458
559982
132078
529956
446919
125674
632479
592721
743870
949525
901530
521049
743682
593441
938438
645960
412696
797343
148383
702716
531400
651507
873844
187812
915429
797779
846261
872227
934634
005465
021773
647271
534666
333409
506393
558195
424022
948759
889069
064078
377329
323839
283781
408428
434605
147203
193132
414237
991754
902749
808908
340032
425645
884333
149197
729695
445247
184864
910729
517036
178090
211762
883319
588578
984483
083678
521446
341199
744798
006269
634820
088271
261841
784686
177418
505668
474348
652080
795441
596054
954651
088933
127111
250541
905866
138358
110634
768902
489742
033651
602121
107424
870795
278059
174811
301369
736285
802183
184085
610104
319199
468870
817137
211299
060414
103090
041232
804890
396339
696615
369271
676857
771754
501746
738474
013205
089330
423846
262274
348453
988584
296157
465144
329109
133984
547182
312384
892608
929955
231359
235691
649141
748188
080476
546731
535746
660955
753033
024749
276025
180012
386462
829299
011065
533799
582138
348664
969591
098503
747728
964165
275924
631239
042402
541355
797393
023383
443113
330649
073813
758274
442489
488598
415633
712377
082860
776516
460302
776933
833994
677999
970694
592029
617440
590668
912667
120256
410594
640011
140599
295232
910682
863332
976271
895801
568744
880933
373451
426644
926086
708426
426873
502428
198660
028631
293729
951113
763697
323462
320009
225421
565880
682713
008094
678029
903571
696167
077201
325408
832294
894018
301158
053094
052753
695755
870019
158139
228916
471640
971780
765629
674808
650890
413279
148457
042902
443549
908012
312193
256273
663987
054633
752857
557669
138449
996735
106613
658386
752208
828251
624047
851509
038139
070529
145735
548080
941166
342060
376304
916233
378398
822562
635556
917469
875628
152152
319683
712821
779045
478698
478946
005750
471364
875842
687551
678157
595142
384133
275618
229970
946182
243919
138833
699984
395379
622879
008577
747506
173107
832315
121539
444336
404444
637891
865595
230815
040738
644158
046379
541987
523552
743353
085439
045470
322723
269072
737557
414328
606414
783514
423904
828345
553723
890314
614265
308335
789222
804885
925093
493570
799186
289833
985239
287647
880131
766145
949732
792970
595520
497152
854663
786890
675762
308277
041619
965662
265939
856115
015955
387528
039044
253052
821476
888935
235085
311681
732854
285022
260342
591270
337332
773374
074451
069255
416375
965040
750351
151142
108560
489555
080673
675594
196592
813701
348116
948956
971587
543246
686843
994357
681719
511301
652373
974005
905045
184015
059520
707040
044116
515080
487575
404846
721481
173074
004995
377247
687510
709594
777919
619135
240267
498842
243952
738492
458233
617324
488325
098384
992124
582877
369609
239375
684639
128048
602361
955930
294632
310762
821326
698796
559032
899472
325423
872707
481779
090452
530658
216617
862476
436971
443818
214689
793503
248229
346472
812043
878110
252369
351966
927832
201337
061409
399480
220103
254501
995857
974179
990683
897211
560400
502371
121819
640403
961300
799519
392096
671194
913484
593578
148992
357526
990068
812921
114844
026560
839018
045449
305279
137089
111301
434800
645225
192611
687816
427633
857803
998852
057810
703466
059474
948433
225536
640891
023831
509283
806042
720008
117758
881104
107890
542211
411510
866880
841742
652353
631982
671051
462042
782217
433359
856688
027318
134770
216157
546466
100371
370602
055605
648558
426771
825659
150723
899641
469543
791379
023114
141889
