528270
809608
106158
984621
197028
063513
322686
320417
241549
721525
289886
064192
846692
845884
626429
078177
780184
861008
692409
226999
916100
739756
317823
416436
869653
474241
167362
911757
096231
975082
134115
062933
343011
987859
604276
005564
661722
826804
375172
701473
044969
324842
379405
239899
155729
898936
377650
746672
449643
572039
641236
225670
335839
494140
051700
085624
533873
376153
746371
022458
189957
850383
632517
098451
252972
120080
140985
217075
454613
444272
773146
887699
085978
986640
914406
578205
691421
693704
644353
882194
510200
485807
834838
537860
165793
653247
802186
265861
762899
660698
234384
483076
849067
367484
257110
023387
068640
047701
168838
205165
333799
277993
943668
105121
489819
180631
872659
367732
729472
179497
157262
156405
578393
335318
134400
828964
930720
831927
788017
194503
654978
028687
761186
319672
385356
811370
164735
932359
368718
983822
663163
200728
222699
608941
204401
003079
177004
627667
135695
725295
575880
629010
427475
818360
299594
605661
993248
308794
657642
957120
725647
158590
840371
376994
656660
505353
015354
628881
494415
371733
080861
174670
163069
187141
504137
770626
516595
484511
189968
876140
621752
272226
624195
677713
937110
299189
319814
567311
936980
049108
681808
309818
638854
900867
772250
921881
958767
460109
628673
691474
506912
820136
383068
196200
164226
634638
025506
868954
457072
591777
620355
198133
998238
217181
745467
922924
161371
899486
232837
761764
717809
015357
798706
731346
853473
272152
449451
134204
500929
552633
603240
377028
798844
390595
849113
620633
071095
223759
350720
478760
033454
859962
288560
436385
666428
695669
640033
577236
503883
103954
241621
660983
892497
286283
780172
266948
953633
549159
814051
542054
538790
797079
783890
106317
959383
414180
504126
917342
035519
191963
814128
894779
647478
547446
480760
211979
611022
648677
963202
372817
871771
754950
824844
374404
282294
453547
839128
752942
483666
306912
107856
955864
304280
644028
853531
111768
692119
916956
927757
920529
572945
699621
670301
200559
972759
714683
881675
568001
134724
720226
890743
662129
482683
539225
654669
726674
259136
513772
526007
582969
976477
567735
248580
639631
891998
934415
489196
293900
602933
636290
907881
025236
294069
917238
433915
047868
486478
102611
789122
058256
674432
186768
930219
755097
517660
897976
735989
460503
387325
531137
913918
848860
092163
266231
806368
944173
220563
555526
067614
414120
553335
981917
496459
768512
712715
975792
874708
433633
384213
971068
949340
993897
589047
076487
670769
915885
168270
492012
920777
227311
296878
823068
957386
382649
589757
439162
877180
098586
317572
857584
450450
730863
828173
696952
872459
321029
350348
121569
609313
654859
075235
834947
851408
187015
154893
010535
083423
070746
591218
241244
028685
543403
618143
558136
823665
227693
119189
438664
995287
902208
359328
948929
408404
973629
618384
981690
446465
171014
357714
736385
093324
073539
847414
446212
982599
534735
134700
710892
048564
934388
457551
427292
032885
113910
107709
067104
426188
941298
691703
027483
990835
581021
438275
863227
021427
037445
491376
543772
252284
422523
748891
377014
921178
098335
146224
896445
046646
839924
955296
356522
941728
874057
159947
833749
294674
020840
294915
136913
975886
568570
249565
432551
331255
789799
291231
834285
493100
194769
962624
270351
094777
592349
800424
230271
593705
292785
632734
682089
587394
978640
873394
529590
483912
138491
444238
331721
748159
704217
226213
851812
117184
759978
224926
754948
606859
313009
068201
987594
835104
315583
422456
109770
482508
061390
856674
224446
277757
808815
085504
059094
527269
739943
279467
908118
459455
025144
419652
483225
875792
870157
706910
589640
013542
655463
946581
340183
026733
188243
602890
341445
770084
084727
808834
806943
988740
235381
625864
666534
187579
441416
436205
942787
252610
922595
732548
371669
624458
217767
620513
369081
906190
101054
829999
250093
924535
225845
359043
922559
170740
539561
700699
202485
133446
706480
367408
939485
545263
193422
332167
157714
921994
655409
658444
679849
557095
125993
457526
661806
107862
023214
642567
458031
329892
709565
945600
003044
152832
272253
353487
623394
368485
723940
936281
521495
006294
829056
573703
266613
259728
612636
767650
262739
494114
393350
029543
096629
370885
455937
360897
095231
504956
524900
962058
878439
425713
757788
033008
456266
948940
707139
329018
257914
594649
356260
685101
639225
248160
865268
523129
213383
571999
921496
160586
375401
553414
559227
785714
135362
161160
714228
644873
432858
937743
158190
943423
210221
640735
228294
927039
907340
368507
017624
472383
088360
526020
313812
131783
817752
287128
075961
997932
277798
966713
059142
986417
243121
116693
762066
643117
097197
547654
527932
990201
660292
996556
427009
035708
731134
478280
267095
021124
820629
507424
920809
008173
471238
881904
464990
461699
228581
570188
131083
304155
642667
766765
702859
551531
724029
184061
907126
711715
784479
187311
359555
810531
128549
242527
511212
423521
600739
333768
250742
505173
976036
333363
407866
263151
152988
121480
681000
078797
334672
232454
770661
928058
279744
940247
870062
217362
368806
459431
089654
185218
565777
572165
448555
470322
124296
834669
744404
539946
533189
352735
932372
998107
462270
860508
408916
908157
845950
988621
512175
473026
340984
144017
005472
420184
283623
627328
556031
537724
652447
221446
763482
722469
094691
904422
135954
499099
293567
419778
610145
279777
255768
817171
980918
242878
040114
532322
817369
231261
949287
491488
885453
480933
426005
714064
682339
744703
942302
163901
408388
771845
258929
347929
645717
698833
795705
156067
210538
590396
468636
573910
489300
080504
242751
940922
188979
778250
833046
889547
692207
094509
672142
150497
425112
930411
719941
337949
334459
457810
933315
981432
915613
517004
030388
945031
009865
118118
888961
551925
697429
554473
597063
194039
446838
141560
402537
064161
966271
297605
369885
736968
961787
181451
718127
719674
830174
309687
231759
827536
825166
676814
483195
114898
277926
283688
919410
620397
463324
369339
588716
782532
299936
401208
759467
914239
152749
855894
335353
981087
406462
921785
958191
109868
010658
021644
688126
771654
310726
524351
592057
072797
454748
262476
493969
124508
262633
712622
699814
065886
123332
015917
423473
159217
895349
231534
874612
721128
342209
960282
980940
836451
970071
172633
541870
982280
874015
893497
294708
658940
238566
840185
099909
424610
008054
881598
881448
062136
932547
435198
888156
314575
065898
382924
645862
908635
411411
917258
096540
673684
202962
623573
642188
762731
443374
594482
453759
221942
460201
871429
164500
897663
184361
790211
738670
244973
274803
048426
429791
754677
838137
142238
357100
693753
427099
298938
393243
303290
668799
043349
815056
392031
755974
391633
335957
769682
032823
560386
161572
701499
454053
726975
120203
932781
856519
119977
973732
546259
952590
276473
301488
973507
175056
557916
400310
437979
638253
077256
874496
