574463
121688
896139
143433
849241
495142
567299
762056
303075
305386
981164
840952
683648
120933
195534
903656
234035
354253
812340
550248
371171
005693
486941
725175
089382
925204
155015
135711
073606
230684
013191
930449
944198
840914
948952
619164
365856
476314
872560
931305
697000
726531
609457
943146
596211
323915
661655
454442
855586
379599
582769
389390
115772
570324
386590
903139
486848
426069
728607
480441
206140
043451
709888
274126
729988
942318
792742
594494
559594
274017
677954
057418
699294
902858
159687
508516
551743
030545
192473
205748
059451
161030
512340
507157
682636
640925
110862
233972
348883
076497
268819
531881
901050
183785
238879
415991
815997
433846
588239
475673
726988
375188
874195
051079
540570
524462
091453
305923
480316
898152
635223
879640
970316
515868
095647
419700
912222
397070
160489
053067
043602
324398
612233
967099
526092
988560
936317
791416
006618
761338
014415
277025
754185
817477
313517
161678
161036
019185
522899
678358
626402
294906
227150
868037
029312
768224
651821
241195
730115
649278
519895
887606
970336
443559
942213
436408
269325
322432
882483
634541
243581
051106
720138
032564
352249
764071
381607
317436
757254
328980
736771
259168
533672
065453
899660
319235
209384
188296
600999
861170
534119
564717
197704
875779
870270
688357
976374
126559
962325
536913
026088
938498
169663
386103
681064
268893
990283
803477
959290
414053
149220
422372
733698
272798
416127
078307
950070
240365
899136
308226
177155
092303
853441
889185
540571
061127
135856
630274
560875
530110
079479
597810
298296
830967
494354
026834
442783
959903
092139
639069
670784
050308
709336
319195
273909
467512
721105
451621
827402
522219
466022
155935
751023
627831
766510
686995
289217
350536
188035
116952
302943
572913
866390
004785
181284
409410
475716
265560
017389
977055
510148
200237
783096
298904
332334
450680
696841
214953
036668
851501
264921
954290
849643
649597
421262
285816
452376
193112
070853
633442
083306
223788
442882
888616
266296
438728
875141
555822
216080
903503
196385
945565
518864
103249
015672
764578
410896
637757
776401
054731
307853
520310
951674
917296
997786
622274
237127
550825
966565
752668
163312
416111
804186
946080
777551
449350
201189
816592
395256
920969
700523
324135
741299
172213
240227
868058
337469
850220
525487
737455
993008
635583
166323
197223
529896
452980
424488
168853
328861
419562
674491
723168
173786
988400
613603
743426
542844
099242
681851
684303
966268
271029
215664
019543
472320
966579
146891
242558
399277
937968
455242
097742
174885
538265
893521
335933
167202
115524
873513
675258
996500
777024
244217
960352
037793
713174
760196
703059
220427
016182
213350
515389
499280
744374
367824
703791
434918
376035
172436
997733
653248
379927
306152
281359
272596
606428
439135
255651
429202
640326
811412
319656
733048
648176
108026
506420
666092
359080
993457
473317
440543
378623
394946
778913
048344
815011
164714
995980
581544
458406
866179
660601
383244
637488
614918
115655
645142
410277
559860
737034
262489
033601
351796
150300
104583
289622
983957
469229
821926
793742
546560
392685
782014
026026
850430
252394
311844
955631
586754
585923
001596
747080
040924
001444
747327
389230
301291
111759
191359
306673
196295
752194
055366
891600
172338
740497
863061
566406
991991
424210
830933
842912
360777
819947
451506
577311
268232
373243
786306
502250
026453
934656
301877
855629
704413
508597
475194
506988
704324
126413
010136
492340
341361
196375
009060
633294
918810
751372
238323
855468
696656
375755
933932
260115
546415
507022
721977
127569
592378
845471
769870
690208
190849
208584
384539
158129
960379
609741
767632
492694
481980
052791
318047
255624
609343
153233
310561
847818
481428
041008
982058
937237
632077
321171
091562
629977
257026
076019
273530
347925
666040
750289
011347
041741
446596
499665
521817
905693
940541
990198
150050
642274
808725
214926
579734
748968
579720
117924
396488
316839
890247
529807
594011
708858
582994
775158
894506
763666
966217
994421
322903
816506
340521
337395
404899
848227
324532
532015
435138
879604
945658
159134
978749
357609
785454
158843
644685
590945
542501
220415
084291
419466
625740
859793
701265
856662
576001
803806
998753
109177
642611
334419
363048
921852
222336
853421
221259
306555
944799
740150
672303
708963
056020
358479
980311
201297
450936
107902
011695
641039
000028
216515
041198
831577
364191
500986
709525
249313
640344
112343
089111
738302
884652
774804
276272
734848
671925
700050
870304
769365
363501
185365
905462
446872
153112
424599
877804
411356
243269
444743
171054
872134
928951
598124
322884
560240
773951
381066
737797
391793
101423
245330
090388
280712
016775
832488
815459
142010
592632
948453
454233
792123
406403
893942
589278
085185
415744
566285
557701
626873
991173
353778
486280
823940
584262
039774
651459
418431
411322
338509
492848
901727
301134
201314
991732
218708
251346
554362
580465
577939
429461
201735
045621
296331
740371
618039
853236
273313
688275
144591
622522
119337
366904
793842
312147
574600
259195
370083
653137
165953
971520
358179
811581
310272
102313
426039
284473
050891
424158
723819
731570
062031
332657
078099
183362
548571
122335
880110
081040
896083
532324
562595
664350
934811
582765
225802
822903
087917
822632
102020
276845
268824
035859
985936
289298
553472
389151
071296
607395
032111
816882
279671
426749
164429
018244
448112
330635
172073
277492
912383
579693
018215
457721
992874
862173
093408
412473
302000
631432
004785
380913
454900
891162
459918
899398
357653
232780
251195
191482
432734
123808
243812
152488
197415
451531
874691
398891
044240
437627
583597
966855
447311
875913
138335
773988
288916
957900
402301
122904
303737
896681
357830
743183
992421
448172
595585
323826
741817
627046
991473
650986
188910
213495
220864
583470
892329
028280
336367
939193
663205
140782
967955
203768
860352
619456
142390
179418
444580
097559
689220
457079
694917
028076
316287
525390
536416
603728
636017
905518
421558
494730
764597
710766
981738
202207
403981
600654
116509
021148
036165
042917
484646
393934
865207
064088
838254
619098
659546
875058
491381
920891
887574
581705
366439
979579
509921
383183
155366
898384
059099
633246
799797
071536
118285
197525
661645
276959
100967
943968
556467
011902
840181
307228
898996
796630
885747
983137
978182
083474
556452
831999
671604
931090
497243
598150
546341
852119
895499
475054
428368
593497
474968
158435
620627
640432
723485
045149
255210
364128
967309
837370
534440
581549
346006
663913
568246
885712
498329
034717
828365
647638
611521
113344
848117
081463
967551
715407
322459
171835
407505
738496
374880
278706
081890
811419
177992
825086
744991
965427
543844
165783
860908
566843
520105
493152
539518
526254
314024
049223
368956
978626
174292
442963
101365
716757
954861
505618
337507
196479
080160
887782
977319
991923
613063
749068
764347
919188
238124
682385
816955
447118
719975
279553
905212
143501
837462
909035
542879
771509
055033
503404
145045
405158
293404
229571
654861
294229
355784
584674
680938
