406484
247185
559438
371138
312644
095682
530968
992512
178944
594650
312948
324138
509618
087351
325478
621183
311336
136750
640411
122335
059566
050808
163489
115844
297074
119511
824923
367229
113173
032231
746154
951982
213392
880647
282715
582695
187064
192395
004298
367910
297439
879338
937264
688788
007828
399514
282155
245645
085442
995550
962103
883496
729090
144461
864257
228689
620455
492135
565568
066321
960941
769814
226624
685647
992152
379804
195177
355132
722468
599829
831654
698166
080193
609473
886939
380062
168010
734114
411006
377713
867020
915234
168842
600323
205076
543373
966913
729187
449915
304651
076746
822188
114189
249163
611294
526160
610996
066929
234078
460519
524698
740593
284343
627875
379701
109469
787447
749491
768165
212891
276736
781519
887518
494690
542094
787267
008362
047131
943963
421643
497063
604279
435625
132364
805098
232152
766104
108024
207427
339677
745409
467600
362711
294748
950416
543424
084056
713857
258669
416541
900779
767955
470934
353341
487533
057693
549113
518719
906192
302125
661871
837476
330191
929445
564762
487928
775293
684664
325527
580164
203748
061138
752212
235338
972931
430573
202769
673440
859102
854367
965606
130644
734730
711389
517861
164703
896393
035182
206795
891518
503622
649727
052099
199108
338655
272525
030484
086999
031932
333329
913824
360745
791969
583404
976040
112439
200386
299746
074822
826931
869905
485681
267890
150627
324720
376298
067810
996428
767011
730570
250762
774680
076657
550699
881111
463407
235726
053248
352226
798979
158058
208025
502196
746796
744201
828143
270966
681080
623189
611261
102754
569793
154540
967593
187988
020034
181676
963419
106329
860060
028076
657473
479543
390660
927649
591710
953829
674080
734090
876339
441645
620240
794056
308133
649590
995639
266024
106035
257825
496491
216286
276769
943284
813592
185211
244556
371132
106906
362547
778460
469139
531656
435810
975329
678667
492727
728335
522943
527543
520827
299997
629606
225021
507342
645521
108763
277096
612095
845058
315012
257697
731936
744920
373604
404810
833467
399567
378982
951059
810379
116029
368550
472312
881161
048247
252187
322872
781739
717612
138898
586139
089451
276307
845650
459687
596388
499944
122677
967030
344763
729513
087710
805240
892400
769199
286139
489849
816047
926656
009824
167725
786619
074651
952788
052077
610356
203971
866538
286935
852144
407923
073867
571760
000430
709095
213605
555368
714446
458797
359266
778721
984683
501590
543922
693964
270183
639680
118166
193947
787157
214118
687384
072104
082173
853320
822768
405129
683909
518446
605124
692599
818984
756953
708271
558297
327809
383690
773675
653615
126030
852694
154514
632152
439593
833327
920271
990889
182304
613096
498370
374969
026971
237246
017529
955496
928470
199572
963487
975743
883754
904464
025316
049754
412211
911314
143482
908762
494849
123099
485391
058268
252645
379020
603236
524030
330455
753123
500416
047991
332506
650168
883313
042554
143317
130824
718340
039087
113759
913150
792497
689632
143935
789014
265850
410613
730322
791573
754615
802158
735996
234220
776017
227877
726981
861766
849661
736633
773329
060859
517172
543945
707885
062930
127241
124606
679693
259097
846145
378622
761934
990913
256271
777238
966608
825005
229101
975539
474041
135498
468256
924872
756445
453886
607990
865710
896824
297082
417645
265479
046674
964855
818006
467485
371203
091121
352596
172677
787168
318619
806208
457534
606162
192361
520970
538086
960536
626630
772161
122229
020547
171888
466052
238189
123894
112682
028593
682900
698728
947917
748348
108143
309163
807971
599868
471106
082102
163831
673559
760429
062727
152217
385302
698102
616252
026023
642173
626784
173289
051832
720140
965722
215788
068406
660972
029682
227783
053115
627131
480230
825533
007784
569710
464214
850923
382961
799861
902743
985198
799534
407590
729602
740481
253412
916940
855689
209314
848852
152768
448819
766994
082386
197258
575899
412962
899975
580173
830925
048660
125871
656647
094270
563648
056813
597819
088701
873014
343616
048087
709439
255738
294660
538647
682111
326468
214243
668976
545354
175022
731395
266654
144488
701451
575463
937488
140418
159823
059114
400062
891374
449403
412716
913456
334603
306093
902066
108323
472278
180020
016481
877252
728287
803156
291727
634651
375577
886213
811635
504950
007460
820271
226350
113971
957494
747207
963054
273673
375958
913056
345496
881091
512506
348619
196174
161318
828652
251346
297831
129093
906273
872103
958778
006485
131463
174544
366989
402269
151748
785111
783391
702046
368795
009692
307259
822823
192776
208247
403225
951803
315890
076208
337736
653645
217804
169541
683479
315180
443354
093868
298206
073156
510061
596245
532499
508812
442938
635763
522689
671078
919427
287554
317121
914825
666747
172479
819370
694941
640600
746310
949849
314548
912117
530044
396950
272800
661762
427266
723564
141466
310304
477144
964886
632599
520235
667849
604445
425036
782040
549463
249906
032873
723360
584557
825004
636749
302903
283371
995258
322397
670981
309091
585596
138069
499732
211645
673747
387285
472525
795620
043379
737493
283962
479441
686929
437920
609654
063183
371184
802779
121619
691256
568894
101843
772334
438117
794683
555838
256305
055935
759310
725379
050168
970096
622245
848214
031697
366569
159296
461030
844035
793045
261011
887697
083452
719617
252157
402169
051455
516904
647495
953783
640765
481271
968541
997151
908154
366494
035504
919332
905313
178667
232950
321893
030173
522498
637556
544847
890439
911577
810237
559230
726928
416620
061153
771645
820986
074135
718996
115056
357356
699365
837347
872385
652920
702151
363392
729668
114443
346647
497347
232028
096102
922044
885990
074757
780540
096488
201934
486470
186292
898030
336204
507120
934461
806078
312042
408677
548328
740220
523130
358692
550331
751814
992662
095617
787436
397310
747815
165204
189368
618937
821779
593642
049099
644918
536323
744840
619385
462458
656561
231262
582959
435436
063451
390055
919468
261862
756035
450441
297698
015454
871209
447547
822388
174083
294317
678293
848588
325665
578479
423115
319452
824019
222654
920776
398497
149618
099594
859271
705136
573655
133345
605204
196605
889369
355106
917781
504397
171104
559342
500032
301268
847294
637414
675145
036690
823193
257137
498275
574015
663568
822161
653057
438235
093208
103586
530756
608894
345447
587967
365745
706105
156068
356585
409792
703944
079769
999241
832540
709771
300871
610429
233428
843136
956407
537811
122540
904885
926190
355510
934088
280919
206521
166886
395201
072760
565288
836222
429793
354456
849398
388562
096615
242690
741681
951425
914901
001560
907358
981232
856471
107599
500024
667749
902436
660802
963600
850631
483106
771700
319573
565664
188304
980748
776689
043101
452095
431073
941373
416277
842413
140146
193340
409903
576763
447036
524814
977535
429792
314233
802832
927102
343407
702978
059053
539366
527233
180240
982051
953009
149344
668086
401986
201616
329131
479686
038283
769307
433288
501829
386923
