575081
450487
568751
083077
559646
234756
989736
044125
986684
219890
859075
736864
152945
850601
650462
814140
327800
217722
231644
306600
104722
959249
931734
682498
143235
442051
933895
223839
806356
202550
226274
147385
161311
102586
556113
293173
972819
640654
023653
091842
043928
036901
616229
532291
548617
752701
842413
649839
013537
190826
533494
997134
938279
117861
669411
939649
352955
675510
617836
714982
017161
323046
508247
655526
697320
743164
869614
297608
882337
436892
089460
153906
915125
055721
569413
073211
206630
060504
370581
238511
566253
316427
330999
292779
039565
561761
394888
995340
362908
634037
148626
272500
331196
191865
439851
895215
442057
086604
960845
211158
491106
337884
566613
802788
410057
154460
730440
402157
609290
900721
691773
926527
441295
969804
504642
653487
595824
129184
161839
681927
462982
805948
221509
723391
976571
793311
208910
884654
808287
910607
127986
089018
763663
800714
858533
985502
232579
715871
880376
368725
115540
725882
769027
673582
628408
857059
538514
326724
671972
959683
119332
317507
834031
596453
894753
666489
413169
745318
323378
570163
078760
043478
348011
871576
395173
261613
765406
511269
079643
668907
805640
253004
948805
387074
004144
890523
563111
609963
930033
997701
440668
543616
749606
531496
245800
398859
223382
697559
017274
399635
555332
221121
702195
796600
619597
700934
960436
381042
076835
073088
368081
151871
516782
722120
136084
318231
384257
954592
643408
807662
260425
159646
433349
616226
621114
138927
538668
632834
565280
553469
290294
910917
038968
687267
753316
109298
218326
982214
014213
636248
411509
323056
360954
626154
384131
077742
779876
676455
844913
824592
595579
209219
130348
832508
970155
688934
547572
715483
949072
760032
581118
631338
489821
126421
890958
721841
614194
924363
489150
716646
073848
032010
173328
471542
067549
828339
516167
363474
325867
219901
051462
800118
809546
723155
545707
393158
232343
835384
111634
260697
363817
257104
514678
476347
598104
227337
951472
946849
705114
993314
723490
675561
033776
030179
210422
055113
861360
547163
627259
135121
992425
620265
563442
236795
530331
749757
357122
921519
195152
719166
228787
203979
555530
493106
927989
548522
870385
631796
075549
946216
682248
215161
861108
930829
632613
630224
305597
786311
715778
209389
278142
447535
717258
724678
357952
999408
389745
748294
598253
121082
962736
147486
906579
257716
821028
614856
510578
727592
033771
492494
762937
062816
294302
836566
375333
514245
098595
446455
377160
320935
812173
770193
107748
217707
077580
407126
841452
483988
935884
448027
873411
312109
929006
037147
229025
275566
745546
164486
951667
877366
608966
990843
435690
609255
284784
530048
248319
641219
226275
928010
357726
236419
620000
510024
033401
148890
372485
619447
075827
024955
467358
052209
193293
990414
373035
231676
707505
581233
474476
035380
492958
492461
482934
319630
955971
981769
324402
867801
558936
392243
952242
409301
941688
717050
757147
687802
040362
315575
546220
953763
127017
178037
763251
135071
139375
684467
452599
070442
105353
017268
575717
032790
026024
834573
583835
133307
408871
215454
666529
870818
925802
398311
936222
939178
849005
912915
124704
854724
383219
740157
464615
210950
729000
610588
073492
142600
216127
685884
292887
086564
746839
517864
311407
372129
820331
143721
842127
352153
064749
930291
050751
867590
875088
270210
232616
626437
785778
998406
855308
853867
085208
271006
785755
206391
071564
195823
565936
248143
405464
646934
336210
142163
708059
439368
764647
059808
331051
603501
161619
693878
137119
890493
484356
134236
351391
071803
414457
600622
156414
025705
217258
097165
731970
664850
175174
214431
730403
672340
889714
984026
572779
249980
371449
552741
397312
363156
254735
958205
119689
024693
740990
787244
134834
014575
758401
123095
191550
241282
007575
864398
304375
313982
313446
535773
585312
644087
051197
071057
388507
787226
392004
610605
915120
541468
480966
328258
838973
703211
459423
790485
273961
671174
266402
658309
056192
112319
416481
192342
447958
395376
288578
119926
050882
468382
487291
960324
291468
756766
134676
906937
145022
098684
402056
311049
548059
493503
491301
074321
029254
458390
292324
485097
463386
915406
590399
338037
879038
172946
051440
241212
735856
934129
291053
971589
094052
712491
355032
748226
088477
215685
821203
811040
194402
067924
692705
282711
264400
861467
973365
239814
784662
337634
996232
704335
127484
436034
484805
430569
515103
876048
462408
481437
848486
236657
881906
878839
034666
360853
357925
174332
490464
590896
713151
340383
758544
004620
704994
535045
760646
034948
138941
282812
023248
349388
099727
549257
618195
045038
900286
461868
052683
807100
355433
105930
624638
346736
410189
571858
271403
096196
202395
014351
157061
303754
023143
342860
473525
444578
189046
977477
691129
256566
990719
239773
000174
783376
472476
779125
631562
158489
996390
625222
544857
791625
408671
418624
896941
406187
412553
132635
631662
115125
978845
716065
597686
284066
055466
122777
878087
080144
958308
722223
920997
222580
726148
090835
565887
855806
590662
530225
638085
455491
785716
668544
746714
673888
723742
010893
371283
983754
162308
823941
879543
515752
660146
018032
024616
097875
037341
835280
684728
773465
648470
486084
272034
797022
657433
835993
738233
437178
878941
293295
931543
167206
495768
257334
143922
859165
215719
829512
231837
843896
811737
092560
607329
000990
681505
519095
556633
137292
476534
977965
589773
984775
116703
477437
633948
714665
232748
567499
817239
232263
292888
775678
086958
135171
772957
304468
828589
286746
794007
643187
163127
811114
811311
385840
191678
153779
844097
667352
381752
051572
612841
091020
437196
883107
791604
112736
029054
667814
718881
261453
074182
124514
979831
702185
873572
462906
458994
453761
890237
404902
744401
769416
773218
292765
551703
295808
751382
546813
812158
026266
426082
338112
444602
489392
609301
447329
775357
855064
237101
386327
113312
241934
235712
722572
668035
146410
672398
880682
893668
903438
786376
344571
051953
662118
244031
607652
087350
520388
690947
206154
328427
753879
908133
705489
009229
874583
939919
116094
823537
587542
491504
777421
973874
908897
765371
219185
823409
324903
950017
302866
241742
856853
818346
838693
983992
536740
275517
007206
743745
556384
361727
073273
423738
640814
281744
234344
833809
586038
834747
119089
885643
599308
773115
571662
888966
511291
100408
974914
130088
822132
474273
213419
329924
348480
518068
334366
293644
885162
950540
009621
393864
854391
092303
092316
679272
311229
910395
462442
026458
491537
799092
766270
359871
673628
436077
606693
910858
739787
876893
780271
121496
414732
531232
825550
613301
187629
303165
677340
985076
836254
922904
781095
621337
170951
842693
644608
992825
575306
486282
682632
888442
609218
820127
430313
470894
089086
170417
902524
626339
245900
697896
842615
656203
772919
251818
516031
334926
162583
262112
180177
541108
246093
233465
745664
219071
034814
138851
750145
