843795
965228
345990
379468
802526
778529
987148
154524
013583
521936
815928
622216
142936
715462
476686
235591
382566
149581
151998
442711
682675
014311
298471
759460
653802
515123
214132
635918
988244
606109
545113
241134
803753
581498
997489
120345
669100
862468
278511
198549
213456
286511
098953
382231
156076
580976
334021
385964
347531
225994
540577
914560
121315
565125
214954
357027
093464
743206
155328
398708
492347
004273
852232
243655
296351
352169
563007
116804
454039
587053
926031
320615
082353
006981
337204
979089
112789
287994
577763
560056
922983
010252
444855
945815
460194
150824
305097
608707
111661
681161
311228
765252
898966
316777
807240
543973
906334
520947
830317
113861
675248
157743
827837
063055
345291
507966
381208
514871
751243
177335
215403
840897
276455
520184
048970
492659
915315
754386
762618
499803
406147
314135
198852
491500
547415
024402
899868
324324
753014
535468
570455
556369
456282
978280
377347
887497
126365
163464
918721
346336
923122
009351
247624
989506
178612
408710
520334
656638
690759
279251
034091
214219
634554
973762
210217
412888
744875
635120
048196
189853
952507
279668
525811
634149
453151
215937
063416
195850
110357
385977
991787
225106
329841
901233
342398
244352
401701
073294
812006
215315
312185
576866
967036
734296
144335
129271
793688
518320
066778
761022
780659
336521
059546
935805
855262
709283
981235
559490
979054
348774
501612
849579
649284
808661
252377
806804
660715
748666
855602
518023
354979
217975
325402
701266
237424
026873
242411
866758
375110
294696
260853
179272
109328
627822
762033
490300
068649
879345
969913
969972
103081
897933
628324
170534
563032
581245
585822
399437
581381
015318
234800
221473
288549
420662
421598
763939
621035
747856
336528
090111
494956
380838
803725
069195
249903
231121
661452
504540
817975
746812
054291
011015
283182
570916
028523
909798
063789
197115
092540
870969
113305
433928
827781
668763
906573
286632
609558
877072
104398
396589
032646
893252
394570
785375
481044
233020
373154
607100
556002
222565
388435
484772
300243
845843
019495
647061
307814
405367
502027
054451
348780
308052
776279
788660
357654
848230
309782
268047
884664
952889
603216
425109
018056
877872
684679
053375
376253
879126
572305
163008
946524
660179
497375
784097
609437
038971
850405
114784
182823
676709
447651
701445
536000
368315
411277
094673
503850
966034
029584
285801
021144
873108
314006
597925
559537
561469
129379
886419
192324
014101
566800
755869
092479
133129
423599
350156
146232
215452
011268
159060
426964
968725
406708
163920
210175
543687
618288
846433
021513
598133
508243
497315
930701
112427
052192
637377
084976
192919
286148
189815
015741
528695
540604
927252
344276
678763
794471
066382
306232
702990
725956
531413
035654
032302
146168
665259
026062
866622
031282
350945
617380
272749
694947
738231
982233
304278
221293
380684
080527
063796
430974
933269
283731
341136
918498
960556
595376
934014
981598
279614
250912
384688
472013
949756
378235
998495
975380
780618
789564
851858
434782
028560
764431
554393
413400
797800
981176
741590
088454
441283
056673
743563
070785
802303
811437
894257
390165
437773
058452
346992
607938
239012
554285
873420
780233
182448
067866
474334
005359
711949
668093
723209
523864
846617
736650
992379
249573
441751
889544
289709
881662
331014
722537
793288
957092
099718
610757
573031
094280
100241
920455
307155
037375
771787
252443
542566
828971
617976
373762
559464
709432
011200
900342
484916
712181
543441
699123
159464
864925
223338
667087
244456
702736
824613
153842
976107
507716
346027
514726
173445
936834
743843
267908
920331
786659
296182
958254
853603
106666
119262
983092
407269
829960
197000
036301
956672
776766
270811
742364
454430
991935
474395
833690
789188
172331
922602
022057
454949
026398
003553
705062
869076
432732
882090
705040
692044
557057
399773
660379
215343
578223
951889
560528
007739
557523
525076
755864
976876
488583
986734
924658
471485
164627
359234
019130
713176
732896
886949
555405
698738
143473
625761
105133
759943
189958
679319
609792
914626
052421
417295
751735
868876
767118
645290
385088
680457
397868
730556
782224
315570
576983
797587
874396
828706
976788
475029
756920
368791
491956
977425
971473
003553
046495
090546
018648
410360
332811
917675
741047
157690
990735
289904
792979
753509
381415
399817
481149
369830
976373
326657
045921
398000
754841
382578
628366
879876
983271
108113
554629
000465
620607
386556
287247
049300
440299
544115
091896
899829
455680
171051
461086
622546
405339
019413
707548
307794
044458
820186
512478
475184
485742
484301
165823
832708
635962
343200
953674
266245
233505
822609
349160
632530
545491
639468
258366
506713
571291
866166
870697
120510
358388
482618
737993
186474
282731
661747
570056
828990
413857
219804
144445
030120
608778
301265
757354
158085
688085
406547
450817
262469
829983
472808
993245
512132
022791
232768
611085
542296
171848
342483
035048
725001
982845
093370
719833
337564
255259
397175
047326
639782
083948
145322
192040
929584
826851
804398
696655
806393
488263
519903
366364
711565
307429
938702
050800
773827
430236
187472
652108
490912
591799
060533
976736
592327
852242
741433
432383
731754
718280
476588
646644
463266
938514
079124
071249
810082
161860
405496
930931
177766
927681
662130
478353
326411
900478
807951
982471
214001
668911
580794
538917
658906
352168
414071
282975
687627
041418
296049
293562
321503
084691
501225
405983
002281
708861
515945
042145
521650
351755
489042
883437
026292
740664
732029
171551
131716
879177
436635
129116
931842
968484
880904
171817
786540
262068
689089
690139
071199
042617
829997
033022
510711
876099
509438
682795
433574
520880
848712
181220
733963
897822
299959
942191
040435
371175
490107
494306
344635
911494
951181
458360
199282
796043
198655
716848
381732
330926
025165
793977
215702
863065
889903
172124
051431
438655
448728
784531
820245
688889
494788
711716
494430
915882
602869
550894
534206
300992
700607
619674
609214
963031
314133
190994
760039
199888
822303
718273
570798
352365
727012
403387
802594
067035
576152
477925
638865
414586
044827
161620
923430
690425
316834
299542
725936
056118
465194
386936
581458
623561
198219
574818
323191
362254
425352
435908
654038
895378
285900
415645
297231
183403
386146
799984
596522
337197
172824
797191
867836
355872
270802
614755
076754
291577
691171
640262
448346
405905
674766
015022
981754
739601
032619
073494
373824
278961
146823
574574
134313
008927
660419
719458
636541
135956
388311
197364
353556
728708
172645
491661
073879
390189
162187
146083
507647
676394
841105
383092
003279
952627
148504
050143
335600
972302
187812
758475
413571
233768
292924
528309
489138
607694
294374
298733
120097
333174
687782
070258
685614
066900
574299
928828
839456
631873
951852
018623
254662
261317
424374
476893
979628
053874
898704
826458
855592
796186
168204
322845
118593
522947
634025
729506
392128
992289
794453
605715
976522
619616
499946
406463
883320
780747
378552
291645
590210
775552
452331
998360
176986
370477
959163
