454386
309671
062352
508908
625186
594459
871146
733848
926228
829076
587495
654961
772740
491844
404264
573735
781090
960987
922579
696064
563186
067005
769140
471260
320758
294717
839607
799254
744748
947005
093614
264630
116883
044020
619233
486755
109086
053157
105666
991972
914110
242417
244201
396977
415972
519317
061038
907568
951007
734439
762310
749996
833548
601557
559980
903600
979082
124345
176995
639124
693033
589038
356156
470719
879406
430097
417352
182552
035544
998422
442106
816620
381695
061136
068053
118293
822406
976640
709845
427500
471714
099413
397777
248791
646315
111368
450940
306362
218616
909735
731961
758170
342021
385204
474409
250555
782730
570330
605352
999883
541980
780664
108018
107267
452977
442405
381717
865690
587950
399596
961810
426769
514440
390422
821913
736068
041285
651106
607397
855952
085849
290436
483001
812006
765425
305482
413889
677572
879972
284448
645036
650886
722381
260702
445389
841278
827735
886004
818319
666002
918408
544745
935731
301958
926113
004224
149640
957337
907530
852962
254536
918171
602017
338282
617818
519137
150585
515019
562616
999383
303618
551086
847242
306652
008927
063310
913034
012166
642998
055922
768583
380571
510336
762855
089247
149676
653764
119429
241184
717378
829625
265639
917577
906588
565244
053133
089483
110619
305884
925336
625147
877010
799080
129025
165719
989710
629970
995297
188713
630098
681427
207313
517166
869470
734181
356476
163840
375611
931383
857414
508721
509510
145817
611762
311776
915795
257152
694421
837082
602646
748342
998852
973541
913112
276312
147948
531258
400963
398109
867406
076960
095096
393830
113819
240064
729633
980413
720489
726588
260131
362770
080306
136881
547511
133358
560770
546537
742656
166907
454468
957758
779944
814369
001454
508978
346340
922932
307479
487921
532428
788386
391276
983297
233805
407100
914189
858709
871866
693052
800449
717789
927340
291120
445288
778236
615940
631681
214413
710874
548183
894423
377588
282750
861871
047568
514580
191426
729967
411799
058698
908784
294765
064805
232958
247666
134203
231774
611509
785161
478686
973278
121445
887087
403194
781513
121770
323312
787001
653495
359970
371207
089187
412071
005939
098601
951224
163048
143302
714906
868303
416169
259186
740964
700117
299957
671820
475269
608411
164792
113996
832950
254487
716407
590399
095817
129249
724830
960392
443356
099834
679376
462305
495254
398360
317755
948021
915026
925383
333151
150582
730735
593847
505198
834144
094504
875074
613415
386355
080102
521747
337659
151597
339704
079868
104064
376739
649393
471058
935277
136142
400103
537078
015684
686564
593564
209712
268774
151848
198923
966532
583596
034840
942136
027719
898671
632655
439186
206431
260076
610102
046314
031311
546418
917896
438307
211763
983384
864895
303881
979616
202298
955407
974157
322940
934667
970377
993265
869461
125984
248647
735066
610863
694067
011815
783258
642644
037423
617931
370268
722512
016423
563710
552592
580928
279417
920882
699187
372608
879323
856713
404985
969688
297063
221828
832279
392949
719315
400685
394290
622729
986435
797995
636255
485136
538438
467549
333528
237860
344918
717580
351891
870802
493633
308341
476835
151943
624371
616062
126288
463008
825786
205024
528764
277648
036802
423384
630137
926026
435078
590003
040380
560011
213300
970336
196494
003095
384223
195851
388544
851105
024071
835080
830778
742803
207192
753225
577317
378820
776052
666070
851619
803643
605463
614871
686275
266083
404929
953097
809346
764571
215438
378018
358485
659303
722888
661471
735426
683382
630199
473302
278788
386163
529848
627330
051910
115296
293359
028116
367255
216992
685765
592459
338936
157725
272723
894988
144506
723434
550208
385474
133815
889777
534525
472408
175590
598155
986747
893990
436971
454907
385943
505571
730949
989264
477873
482230
948811
891368
754913
410163
999779
033004
155994
993168
664559
344581
263950
022355
621130
023942
119574
002815
776671
735522
213995
075553
919908
920239
778385
610868
558092
861613
760803
177487
037999
287518
452248
924340
302825
246425
385323
366804
413282
090955
429454
322963
053997
161875
120925
557277
416530
378482
136915
473025
442188
123687
981896
152139
086051
158794
786804
761558
084157
999792
538033
253325
374348
629754
411407
005243
940851
537730
489045
703880
809142
820974
767464
676064
496628
197397
898476
427113
446400
224656
963831
799335
418572
284261
395438
042738
164915
433254
881187
086198
908047
250920
156835
645641
517596
939381
146988
860754
422534
529031
766738
591013
657752
935899
757352
688559
560803
007132
725390
343503
858035
695230
389307
689691
244178
856833
724281
169707
788516
442424
225637
221364
734477
985364
962415
591324
481980
227558
810796
127823
140014
135712
786175
483746
794725
076090
042533
631515
687076
404436
690149
735863
607126
760747
568373
821131
699807
470980
376328
841360
208536
649371
844668
336243
948324
945310
025890
376664
471899
188312
065520
203685
559420
002191
095399
561330
321979
549274
052889
720009
090807
308450
349373
416216
489838
649004
753530
890979
362076
264423
589533
015051
706965
890941
372908
253346
512688
230080
381703
776072
950924
607437
529401
639823
631612
942786
638042
645250
255724
193623
345661
714957
020577
792585
662357
353858
775600
376985
492497
562927
036170
717255
188180
054786
571136
093186
147311
667250
692103
218960
072050
087945
820006
619658
343241
503309
293775
245918
905422
210047
480892
461188
803550
820456
619939
853636
880887
644705
716368
504684
403911
689698
572223
923280
129441
079804
000237
412781
176361
196158
004890
705577
091724
686501
470009
572608
637473
564859
163036
067472
791114
242626
616823
039208
826030
937924
398193
547469
498398
734937
046360
102216
413333
773138
676329
958056
684851
321527
287413
264305
786244
399240
390371
832471
568206
218180
665945
750455
625922
296686
383031
723091
117851
181921
845273
463177
440386
359531
624717
506519
988445
492128
072735
014149
995607
716356
023888
677453
920769
978692
453683
296974
575651
976595
435659
743402
941715
242417
058336
092054
468401
813229
273617
624506
704801
863197
517082
334475
411777
875723
636666
344828
264691
016162
580136
763524
065078
755250
417554
357969
385889
905105
601051
938273
136084
636154
963871
898187
343091
395966
697779
930652
119294
829612
307514
120571
172688
311885
461245
646538
526188
731886
488134
135412
427150
560390
156240
952588
430689
444393
046610
591722
173932
977051
664918
863361
939332
062397
506039
269577
306655
103515
104747
751404
118852
593058
906237
319411
958506
233180
624526
300049
140117
127907
451076
152822
651728
299877
505980
781269
995246
946756
999284
445849
318190
000758
654176
200913
277372
948487
361315
410606
770391
062166
062814
269561
846203
762521
755743
878024
474014
978640
922928
452783
678659
483227
988053
045977
465531
592748
028322
354343
702833
950994
598220
788085
227960
649255
956644
601882
652850
648983
116459
934355
787654
958688
643717
972924
681623
525655
774894
054711
870983
667224
584800
309804
