892292
844958
756457
955145
396824
794458
433147
415872
742374
079422
147216
878632
211244
417577
656239
805338
865543
880847
524858
702663
511605
634580
982810
939475
143397
390930
164464
657230
340373
286033
907785
029787
535146
910543
696641
889625
597031
820742
063829
510084
533594
497924
732898
517164
400768
679397
488645
466026
405989
235521
144319
742175
892939
291464
207220
758614
098460
519946
770815
676985
372224
841212
155685
669127
490697
521837
572479
968390
868241
820519
401551
087521
759523
897800
479658
853402
759372
457537
121734
599840
776281
296457
918707
316947
459920
527270
406583
550732
326457
401909
277547
516557
436401
795948
556046
511830
770391
289654
183835
496693
388022
044039
250271
701957
520706
877357
990541
154860
011667
238308
201060
071905
319756
583224
110789
146546
323484
139708
798637
659066
211457
066084
361761
894895
241358
607572
244694
163472
005294
858470
576003
134352
263940
965280
985634
924582
151609
362933
257023
391916
788382
863685
379476
074703
725342
633110
184622
216272
937467
934344
126340
242244
574172
574935
485502
688217
958221
011865
412285
440314
664372
188246
557837
150422
145787
708322
009844
106633
729443
806772
038288
794446
471772
498970
386825
939830
638427
633396
517059
065519
537949
203651
421925
208394
424421
685654
102404
094973
311276
698346
645549
292145
879136
638027
292044
913669
857250
326913
871195
293582
431422
932938
685218
498850
140544
764858
069550
930363
725207
935824
150505
172097
419359
970676
211616
801351
708964
441730
884794
028193
057652
181988
169751
941427
510958
451784
305927
470171
806790
167936
871140
689877
790378
844178
771606
978416
455116
806314
040518
707399
326287
824763
239500
598491
415626
564217
946153
483102
042808
979022
325847
073866
041295
116878
239126
691129
485967
737679
176024
981175
082053
813268
979136
298283
430423
323870
048665
850197
962704
273295
898807
965313
332700
490688
165424
118421
449322
395886
887917
047391
363981
652713
963339
500429
434186
220617
401227
003142
721650
565825
816980
820227
825848
816786
661304
012534
656686
286803
340891
577886
177622
554788
076380
209555
834903
089571
526083
169605
381358
409707
994355
052583
504630
755325
313247
923235
938675
509153
276683
586723
604799
315476
577281
790173
902218
946170
012143
662353
986273
064045
746649
460966
444712
125181
064328
883285
793447
740086
161157
388799
407903
288277
478720
131304
881693
247258
020065
626269
165429
650743
590278
638940
282089
171607
297369
431171
340070
516523
941671
224523
449963
056922
056778
736357
904072
251645
212452
109484
189118
631164
188864
719161
431289
242728
929995
550320
714455
016719
230496
553296
631328
674351
160661
144358
835656
665504
815396
112539
605696
813430
972722
734294
212989
886711
189198
747268
391628
491591
920737
413033
573348
674974
391466
744781
759564
362638
075785
543339
926939
388869
540284
735620
211964
551471
167333
090661
464446
134635
288207
712882
241125
221520
136843
821328
208892
398431
944547
459472
984451
413076
215454
578304
731812
370125
727896
933457
144080
622731
823660
375484
382816
433764
005274
234169
281928
465621
622294
094682
267361
896645
072334
880178
697049
847939
533285
416342
012292
539363
325776
334258
646244
222669
944798
746048
746064
992041
965112
297401
387765
815635
151703
066200
411694
717873
902857
196155
971152
602326
475733
515239
232609
835998
662422
013923
935159
345186
304123
626964
369632
635654
793196
505411
093187
047853
545309
740610
971050
778266
067815
988378
372900
278033
608010
894902
853757
474044
713458
244790
201823
083640
918847
881915
107534
940595
783414
141535
613214
541455
581258
820891
610867
181469
320408
353633
113051
695790
349162
362745
423228
346457
180299
987343
591333
591432
724053
803673
336351
530666
752346
675085
643704
518617
000083
030305
785281
166392
770580
798821
385361
596671
386393
676481
847560
557501
695486
264118
346943
493352
040662
195926
214370
661253
255372
139471
144736
165843
986696
846539
090061
815241
920122
701324
224293
382975
416410
431379
581682
815341
734150
813453
698620
099487
766347
107951
288031
379948
314123
380499
636834
642305
336853
796986
374339
970340
605571
308490
690413
968576
331233
010895
904111
762435
996859
642659
983217
848282
978556
063919
482755
263966
070620
584047
292530
007038
873074
097230
990425
420015
692721
597066
453376
663127
490429
643020
427020
306279
240205
271883
928324
486494
998980
287797
742349
853540
452353
252844
035452
897456
060854
784925
200670
670303
589566
263595
951398
310940
789696
175177
673143
210010
011162
746488
185231
431158
393919
127031
542422
149568
999935
846435
082809
612131
865274
454357
098569
665760
385853
432578
896042
506971
683598
617695
372867
920395
317605
558070
204327
012304
659536
312627
576999
999633
416194
236873
721675
740590
422083
251031
542151
390856
685981
161404
013781
025880
390766
579030
164427
721603
019839
968680
263495
546921
178389
467451
622977
933417
113014
583405
653983
914514
078807
017352
953483
873390
302215
748725
002356
302487
849682
992335
985121
984021
670542
406214
426592
391276
033680
632114
108505
174878
426438
147930
690826
666059
561188
971736
923866
033974
163198
607552
337682
118684
849745
720082
948679
954835
514339
705814
437794
613453
894209
947033
138423
882181
715674
401587
080438
251914
563568
419169
646327
257663
930993
722241
212455
283404
547338
948695
403827
128058
638645
978472
628409
629492
728390
126005
417106
313216
896967
035833
913539
923813
021116
273829
223734
196430
032793
020418
125581
992410
963850
684749
856938
431142
511042
466906
688188
113733
344264
845931
823437
513188
995876
132027
111793
825744
503714
135087
850020
898960
507010
995701
801744
462396
264751
947109
823849
397896
849676
777729
578802
090807
372988
620765
620319
666584
370837
366276
128286
770145
983753
733969
452260
192528
537810
074681
507620
569537
132254
148404
258261
177414
324025
163744
118657
399504
888104
467582
995431
483985
343950
857448
145831
092062
715572
582920
098849
725278
039419
021914
591900
880334
827866
996069
350350
261844
978344
245189
067538
246441
670917
371425
500235
577921
748189
504744
841504
978112
308018
780401
473943
282365
812430
218488
189498
165876
441645
670098
580729
499621
025779
835685
619455
230130
219453
643486
634920
067015
400757
296339
435267
600560
383922
622964
878913
554070
588154
461991
158948
330210
696671
272861
452849
069952
460940
004677
350772
407201
427155
619927
196837
894168
898722
634366
963906
949883
274461
179588
972624
858348
508855
612836
691094
197196
571131
438174
643092
628844
352375
343924
858148
577794
433637
374854
880542
881759
178311
000982
445940
196551
441190
529156
040209
935005
575761
739174
409968
164032
591223
221935
059996
412088
355481
275463
729979
150646
830896
013887
096847
817424
056104
930373
658689
655496
622802
924679
624383
723709
903170
550388
180855
295989
896601
841596
177703
887122
928640
884032
698048
786581
757671
117285
876304
955728
392977
917020
871775
261447
788030
969224
