368488
702589
189530
699188
925017
412437
608980
649892
317132
329277
245456
574299
101632
926103
621278
806460
334702
293810
692315
088844
505546
057483
010404
026168
156920
420335
800273
382888
681802
055853
791579
800381
107383
561916
302184
597534
120596
497625
752287
688935
608932
381934
920274
749022
013614
521492
807871
893652
813407
562530
287543
427112
573454
187006
655863
547599
455853
056075
379467
841099
828751
418014
251400
071977
016584
210142
258638
898720
638398
431750
192395
639417
839325
363579
217595
721120
491200
603116
200432
785315
227395
809189
539419
378413
735543
837747
289173
509649
640458
341219
103359
069659
433749
979666
983785
516592
745726
905950
886406
346035
220848
450045
163014
782245
027148
169507
709657
404394
913806
503154
579339
629205
011634
236892
329965
540831
854977
054799
099618
986838
739516
326019
875933
240570
517488
359447
154812
240154
997723
674138
874143
915277
829301
136510
710417
186817
880973
674324
691649
780828
838205
344112
764104
152597
689901
886251
723958
199829
225463
709663
274826
511847
533826
743934
262307
683721
471707
743494
033780
130905
222627
426809
203052
735140
556227
661809
407943
207767
381797
233734
994670
339348
448832
121590
894703
080755
726434
026096
785318
554494
050147
925746
665612
820525
937780
642718
810705
771436
336872
334698
525142
951506
712343
444525
245454
579850
606565
679111
057563
537719
420727
798987
271123
742199
702997
736430
489429
852766
841336
046644
468933
474418
434950
730305
235618
179860
520000
588833
539658
427960
097850
927404
793714
357846
304396
786411
453303
450304
347662
987001
800365
843508
440982
181066
901000
992340
416340
728567
035376
174245
602619
460481
128857
584427
121533
489566
004631
290575
050892
330830
546118
562546
146740
403604
654694
473421
114107
298810
423645
563095
350310
988992
130980
676290
804200
158174
257653
302011
552079
725725
639278
682789
622946
736940
436154
537910
541705
376822
010201
302279
108939
131548
169299
134495
491892
448396
787459
222943
471758
557580
518777
802405
277099
275817
562204
972253
161473
323908
632545
039920
735935
448214
973147
464132
831351
182824
792950
080015
546777
443464
245135
989561
579655
952228
023754
205994
215020
786700
760919
839360
888827
445895
887818
908117
611246
730877
862773
862642
538174
939484
445240
466388
299828
781208
987934
091269
390028
979943
907743
041095
944887
208868
368318
963998
868987
005817
977869
986207
679321
894835
720415
247086
702915
969565
910488
362319
325372
094363
201533
649240
625940
638699
007284
273229
131105
533667
950041
319407
564911
462603
783877
477795
862759
904313
036084
207922
145521
141566
918032
310670
678725
458966
058523
929092
404163
103225
067052
237981
656636
392415
870044
448335
232267
970013
966160
477094
632535
603062
028028
346671
525173
995727
868554
910479
369150
327663
981566
695684
951274
322534
468499
222291
618283
954782
678864
530276
224169
865968
504544
316203
219506
578319
260999
207555
411763
784367
568412
235059
969527
959736
178723
158892
329806
070149
909747
037611
413319
203887
647298
119091
047779
773784
326404
715859
051998
029742
880907
114543
210044
541163
953997
457454
359710
757497
430242
460222
899395
666328
336629
861654
675825
823055
416122
189576
938251
893456
071161
432463
664461
468247
233692
677310
184459
995407
173699
834467
760604
774589
728796
483998
663154
868418
756712
128361
969574
673146
827854
674638
288665
015672
698654
555351
803098
633362
928553
614884
025667
485831
082415
826276
212425
627490
297490
941385
986798
720374
340514
364340
446792
366639
093390
910378
789171
582099
684677
771148
538639
451503
291947
314483
213954
070511
771033
448210
677017
482574
820322
022338
829380
683258
524194
162619
384194
187553
066458
535588
317458
623698
867425
369365
038698
036887
097671
264683
718273
693490
075108
309097
001554
066117
306443
080400
386677
915098
352932
759708
043849
573147
732195
312773
817730
801569
049112
751725
095244
180294
126971
365612
404056
289770
707362
926308
600531
975620
093644
827898
583382
575396
260061
345656
314876
100459
042574
998671
815181
186469
885278
149996
870509
287296
111871
118108
719438
762415
396800
572985
410837
016625
960325
128623
698776
670931
111343
649108
635439
274139
711350
348943
425734
485098
849992
716922
476712
812486
332666
013564
907929
570075
437069
756374
590121
826620
370141
533408
888288
167678
266565
501772
202228
552648
412534
701445
708327
936558
368334
181121
172304
524096
712520
874663
251526
368656
211493
544053
360767
772499
429557
097365
724588
245212
658198
766337
956891
384189
750952
982463
757225
615451
023249
242975
294666
446543
517859
607853
479530
270253
563400
073582
559732
588924
546429
450719
780631
493209
205544
838442
063497
802086
134685
882527
956755
264892
097562
823158
960198
741454
969246
898933
919557
037594
165763
363695
120568
786157
236155
378444
606261
443299
662634
903389
692372
503079
558046
612543
533021
961593
165167
952491
217220
187067
480429
295770
724451
698476
560343
207260
803457
920514
115451
457683
445561
123414
572778
645079
292305
095533
528410
614108
680809
617724
038374
662493
391633
627557
760638
780542
443214
003648
711312
483148
908128
776947
431616
096562
158226
975251
268084
350634
134726
900272
588831
034714
351028
540014
168428
180342
105487
397480
438339
874656
786920
172026
328767
246756
385458
278787
165726
850416
728520
504927
281964
311025
354358
797101
312731
882884
782493
816682
916327
309012
401725
444432
504539
173847
596551
610973
293060
824900
423230
979745
068098
569930
117010
361540
792367
101391
503521
659453
419519
005816
117649
668541
311418
486063
932449
577637
869592
974659
295914
752350
798109
245750
079724
707620
705722
233164
824559
497919
645263
978718
362039
431100
897872
426226
660122
708620
297561
294787
455922
006648
280428
992819
137546
620348
392434
066813
263937
195071
015372
245367
076635
329003
301923
067783
770313
519797
092601
061773
985059
812609
990016
672675
776013
531130
362484
816599
380228
348936
821381
276785
877003
161614
159840
099295
842443
468114
668441
341606
843015
846330
807927
727968
064643
101477
626918
269136
238862
829636
565435
645032
857562
388659
516201
121668
467738
798305
554534
245728
408666
954902
771025
469393
605226
689641
815116
388751
888535
351049
645361
337389
508947
162354
201859
251916
847592
546562
730014
999612
232034
399999
006486
956517
450810
839765
835996
289288
268676
944007
451815
232571
692720
003637
571303
205300
134258
846923
092415
621523
098786
865896
158989
426989
499399
570927
751084
586751
502492
454321
040254
396130
706431
574607
693691
444848
480693
356840
558894
723582
834538
811446
862603
605058
556992
172708
886517
887632
342752
746859
533717
174247
593962
908221
685022
309597
148185
911747
719626
375753
640751
198176
656186
755836
097313
993070
985769
505426
557429
777066
238319
124154
320015
101450
655494
683601
628612
635062
984614
243930
636104
515769
031285
954609
813767
351822
816370
767510
644002
947816
214335
046419
