573431
756908
937604
414855
482112
256869
293428
848609
610645
643014
600721
570013
208685
312181
264177
902395
396654
054701
018111
502902
801533
287451
909585
081694
019782
301133
186461
939951
946306
601917
571119
772132
505670
287367
289469
233832
298720
496551
166549
834539
165096
307320
437782
187295
968630
647569
096194
947975
140474
296259
832492
126719
973056
473567
474593
273992
491635
983813
401513
626566
891873
335590
491987
286443
378655
190898
154307
905086
261771
447258
142337
693277
235539
751654
203948
944794
869377
135721
434386
507782
308815
301515
036934
860417
471935
090481
076202
995646
085059
826905
273860
250454
743282
878818
166952
432231
430148
847553
046510
183976
843902
149620
260097
051903
418977
549583
372514
220299
640252
505087
462741
849193
986278
684789
715542
511432
961603
047977
324714
233650
111028
607569
506706
823166
898889
068261
735205
254896
813191
891048
169474
376301
474608
064604
338400
184029
209352
129119
659106
955177
902603
487416
413419
095453
261617
884461
409666
641690
308693
718967
560164
057776
771808
577514
912810
240551
501753
180039
474628
700048
786280
739757
178697
671480
650525
953736
215357
467670
084853
073556
607052
677356
885458
335708
244780
829390
798777
970571
304144
529816
006338
230356
044280
213134
198694
218406
798050
556588
325042
292612
345405
841110
633790
417598
959352
358149
565703
397850
695142
782601
225643
602596
884452
865977
317948
318403
084130
432868
095098
162578
248689
395880
432252
632045
263922
012545
568393
169313
925663
337444
412649
157496
412530
116458
871950
685449
061952
302669
233276
147849
419611
815469
759397
925688
515393
612512
073937
238247
841647
139104
075168
569618
644038
930090
078904
663146
780132
726411
527128
882755
556304
464220
838390
497934
135143
492200
447829
206065
691860
540543
115120
739002
129449
285439
799894
289546
000275
139130
047771
921653
874647
167943
956084
218352
995487
816729
130850
133390
665052
166196
018245
438764
641769
926967
880615
173420
682823
138326
228847
352492
274669
840922
272594
806994
341905
641454
878597
765187
029057
335040
787543
450542
158775
328207
888488
602387
150807
258808
353363
880777
323096
973871
934838
392241
884754
159365
732886
241310
980339
145051
008299
104399
894135
306780
413319
339262
884676
123018
210691
896992
565874
035565
326744
132403
007834
148586
486455
747755
315546
498949
157099
374256
842655
129681
953762
919867
001329
058816
494422
218651
500884
952644
245948
372163
474994
584546
382757
184517
883794
846200
827054
131543
505982
870238
536138
284872
925873
552715
461199
030179
362489
896933
977498
177353
563244
014569
011265
792054
023295
231588
881761
099672
249810
412924
721628
054509
342910
129211
438736
118222
601454
348021
078065
781600
333560
930102
760202
910246
661377
466646
221405
776988
956753
052797
630962
572109
001645
684949
301988
904424
625222
875061
640186
680103
006264
303257
298720
702433
251326
556720
404907
755901
926262
778195
586686
669347
131900
742260
763056
858427
844020
871741
892413
862253
890898
448429
708528
703746
999024
755987
378038
769005
870596
848184
014362
288709
596373
293375
743228
603762
091047
629434
372010
649670
170600
786226
289533
290524
217227
618636
013527
586502
086654
274725
862063
478383
222320
956994
218793
917783
375038
843109
563698
077202
793686
773716
346508
903914
046366
686954
817457
697823
949323
703695
277375
914537
833683
893880
598691
267080
124406
427432
629261
572380
338609
307757
633595
806792
796826
784645
005096
467183
241854
054002
682755
480399
984593
294398
385224
464642
680691
497691
631425
084998
513398
593921
219589
651022
368236
787446
949628
454595
099274
669506
768778
008691
117701
336892
047608
741712
896649
142666
827466
676971
971803
325232
454921
425508
882975
643911
585306
060883
009359
601323
660253
135490
929028
425679
942180
398583
732564
251564
017043
413562
479829
384035
588274
052717
817931
969955
866889
229030
462050
534438
907169
124644
753657
991518
858032
102967
503498
937671
508199
431917
434585
190907
957146
716041
697383
066992
555454
093582
826487
499067
670347
423308
886610
698062
479318
915901
112139
371527
790883
692264
338953
174752
821924
841701
246053
697674
599093
509456
195363
850878
186322
798962
142964
867928
319439
305704
875087
332780
908164
421449
154859
902679
713981
536892
556622
506684
199264
879507
874536
282287
424952
293688
672298
271990
107968
273986
273127
376494
552930
995320
679464
713446
942579
110352
860359
855221
980625
978620
747444
656933
123431
939140
698255
069659
190254
254930
518419
540504
953616
403739
779158
770543
899091
139373
145418
021740
714496
331534
743885
479783
516093
169469
888115
958084
688312
613252
114251
597465
499403
352197
262113
513310
557951
953321
074652
648430
253027
847239
457217
490991
262813
278535
846538
930266
668209
260178
601948
808829
044765
477980
313752
769850
268816
461256
848820
495376
828298
133739
342032
869021
105712
520190
987233
393833
479452
088066
924391
314511
924544
542969
479319
357637
315217
482191
191585
554923
438595
005468
937369
735463
926919
543171
380986
448765
229533
564630
699440
753675
531495
340206
665103
613846
212521
238001
562612
263891
766600
706711
268663
609523
428919
133610
026845
897937
151280
515358
097012
554776
025655
475379
519690
726439
103929
135640
918358
758692
682090
653635
995034
055244
975671
348551
967297
075269
197548
075852
924430
928348
892609
742607
732902
172367
783553
363141
877131
394900
976162
093855
966783
223477
595149
128024
097416
906660
115996
604736
478029
628692
180100
872962
378443
995854
927053
162144
895010
366497
215831
038013
545051
177830
612081
591084
284423
677614
783225
039467
061916
383353
180171
847028
170910
858272
080627
679329
260394
754379
487983
850340
191894
553180
946323
255230
791739
268847
075167
618777
630441
547267
415205
949074
284569
613699
453120
372068
566748
519540
041182
688657
756151
217877
763334
030645
283455
887596
887766
917130
341850
341036
866892
281620
222509
289725
990877
312665
962908
366193
606679
819164
331089
150407
744339
172483
382679
513475
513686
851774
407465
601918
962274
267044
916698
308251
679061
136238
249978
642313
088488
631506
336063
088831
966253
490540
845511
608294
800563
391829
540106
490728
592697
306334
476042
157561
371877
080924
069558
411743
017280
264259
741552
000031
301836
737302
606902
433749
592437
023308
793053
220442
443940
205372
499383
571843
699052
964826
164538
121258
702299
485754
716050
858867
090311
782264
943144
235491
889564
352585
800359
308605
877339
774687
149194
114651
107861
038505
345049
736187
260679
636406
591071
816114
406765
312223
639797
537514
056678
442545
349179
689963
765678
676280
091037
473289
530379
945955
251044
289201
031922
096681
800908
250939
486229
037746
888790
642748
795893
846474
890501
748652
184457
285830
257296
194175
175731
761287
467219
216657
748239
042750
674311
222563
451631
251749
556218
559263
436448
538127
279574
220291
177586
167226
283826
641953
251530
811914
520890
575440
