791777
894979
072885
673191
656914
488789
331413
461947
441181
025026
291646
127179
856552
851240
851201
965322
154321
251625
688250
604921
612131
065895
963518
853626
965503
218133
944702
496493
306233
125072
149713
572182
972223
650967
131726
837156
767235
895883
845038
028470
958115
558359
951242
193195
720340
436294
206839
825975
750509
139811
952786
877440
524303
282860
475728
027665
194681
208622
422884
279562
543986
280491
258365
270556
746692
444750
237920
114960
111071
304850
918103
566271
488141
206836
252587
875127
216775
713057
451862
834960
680836
166245
334328
990937
795963
367250
885029
331755
641646
016206
867931
548436
371903
248744
194929
900273
263221
532838
846538
545575
005399
847246
475049
618116
560245
751036
293765
143893
086346
829504
549004
081326
484892
670207
597425
125263
859494
304035
398577
043980
806131
558669
603274
153265
530175
024374
893140
606081
084531
369232
947414
696157
746693
881709
221506
409840
669218
934995
186386
558486
420725
242193
214717
367162
440049
021207
210641
644315
777673
275682
111136
262620
067280
142497
313652
984453
046072
984902
332153
461795
078832
323814
249636
507847
900095
372451
223782
060099
916661
543260
881966
567969
997960
706616
375652
591775
765730
767179
244273
768885
616060
978741
494519
198947
048085
529944
121521
919086
474281
343170
879274
905534
561058
044798
130811
502088
458538
795655
009186
559685
359076
094375
773494
115008
137723
346479
622840
544370
614630
310128
098625
171455
595051
198868
066048
448596
481443
711916
851303
665547
771086
634592
318432
563825
447043
270674
852062
774735
274025
684740
565880
412584
965820
569976
352178
516900
868018
611654
006965
463819
209814
014208
036698
914769
159609
318348
737184
726788
482940
521428
652104
858375
929665
677587
967422
868249
078055
256617
352603
473211
165776
049322
518524
319679
863756
077686
378198
707958
748611
721490
228066
412502
071606
663190
435131
437062
483474
571379
689053
398122
198329
743325
032102
819098
718347
010218
708915
862559
987334
372736
828449
632623
638965
375286
406913
443564
172090
603771
606140
045959
285862
378479
819877
131101
563945
423328
841054
736713
164945
330958
296999
732694
960916
942449
367257
952981
182573
868998
258406
431172
531934
726794
806459
308534
777601
356786
985512
339314
009654
642152
171035
456481
394339
265315
841700
317046
071390
758952
184330
298306
349685
246252
333766
109108
800254
783346
929753
977242
127427
314962
536506
519155
944784
162484
097353
302777
867062
452138
000862
451128
587595
694129
179592
279430
668273
366135
387314
145081
802797
310896
661527
251577
654958
013190
678676
627381
609144
903098
863362
610406
817925
661668
717750
864319
188381
805759
349636
919776
876087
963600
184709
775779
408723
196983
641558
369806
546895
274711
919558
654171
800304
285137
715283
533085
960315
872962
409116
017564
661325
189745
441811
580436
201725
520108
786310
694223
116061
958932
814987
108983
957075
300451
039842
661629
788564
447079
621314
951646
817573
468245
685971
166723
405822
073920
314337
603834
064523
793948
814484
096997
889144
855591
045071
358755
315029
426798
159495
817210
935445
380116
820018
514318
390627
645225
478778
109240
528709
181090
161863
283289
774159
439337
739559
531100
178142
513270
001579
707183
389322
642394
410151
051821
047825
598592
459312
140673
100929
969955
899588
884661
638673
012480
425472
877247
813180
250849
144647
782430
758832
563364
561274
770573
697956
634287
027853
138310
390907
829979
456625
040667
456161
774725
646599
431847
944937
333892
049698
404969
830672
443331
641509
662016
910183
712483
775853
674960
081177
596104
677254
643268
408968
712454
990938
832255
961650
291417
686078
597861
699504
443283
983825
096637
190033
290940
294871
517337
520995
062655
227608
933430
567076
671387
917809
885228
065706
460350
240538
212765
264277
198993
598632
518228
143334
423896
135215
307060
792467
287725
494663
595241
539563
977861
059124
929573
906622
594121
674260
760737
509709
376819
703558
608378
621954
337282
551520
019350
290281
651314
991727
001932
803920
736648
385131
415867
043128
386212
159866
177311
110178
153369
826937
540123
661143
789731
721157
356551
979348
523575
992905
012454
821340
132550
296272
807885
376863
499166
198875
392663
482786
536651
512774
283908
620967
909918
301867
304567
615219
862074
332839
572943
538805
756076
363828
950886
767059
466750
318154
320413
676770
657102
406341
059941
809995
984215
800823
311420
446327
023766
098320
960985
334643
463538
139484
892319
318207
273216
356103
882138
550209
439908
450222
498935
866020
544299
299291
729481
445145
902330
770600
163720
443153
095584
559548
293789
651504
072894
856419
749975
392008
830109
844138
261869
095050
027027
611419
433231
189497
882888
616633
537871
523455
476500
754888
897606
348218
273666
354335
584485
256412
978595
040323
241183
442709
723186
612765
200906
312613
423495
909757
568496
079885
889930
046013
916920
293488
360123
912971
147721
664916
296743
979386
401211
529484
514573
158755
742704
484068
382282
161263
821626
550396
315880
841753
802692
107342
929114
696274
679955
779410
783283
671013
819004
707970
303075
054301
390607
755987
789129
949319
023239
128735
894846
137295
098310
079347
640916
474010
684675
419460
397682
304781
002102
761017
664896
530852
152467
123094
128418
333404
255983
995552
292515
757758
036960
287065
939165
375643
415767
499758
499020
633435
253770
472915
583876
680964
926263
497066
621378
700068
323394
348099
956839
861804
403830
562548
626615
933913
089223
466009
443161
863943
194039
542503
852998
528438
602578
442540
171884
579750
628035
090506
707522
066420
229077
653495
233427
106523
501990
030765
682357
970895
301564
908885
496875
165589
788831
855785
094484
419696
738571
499880
619445
188643
842269
965893
764852
498267
334528
277634
420104
000265
531176
548863
915246
860048
410816
274252
497679
141581
702957
077623
391604
397455
450343
060615
606131
161559
802729
974980
458952
297196
685894
260169
049780
191856
520893
062730
581917
800899
520049
567584
866011
616581
645001
347356
591955
131544
353099
900949
089124
998728
545504
027336
997640
453495
077379
707938
224498
301144
736526
466676
946070
148146
845119
141836
927724
253008
211555
509105
985185
766460
444625
564973
143727
506193
565599
089588
497866
194594
967091
588914
685206
262243
076505
449242
346209
735916
314803
487846
190585
066159
844755
258532
066003
732500
617068
506880
786423
758005
724135
581192
133031
631211
714488
765809
191931
941628
713108
728061
642635
011102
714376
206444
909727
873337
586203
819529
016131
692542
725200
562732
751372
509804
467989
640559
901302
387508
814636
000304
682549
839646
495530
474463
011499
358130
281268
125584
023444
801034
696869
909612
951099
648673
563217
705963
912390
115608
745238
013643
328039
244948
510740
206552
626361
937574
446622
977726
977687
869126
750568
817532
005856
046267
541534
086629
735445
173717
442901
170603
986437
521959
441053
840403
761310
579598
052524
668880
778225
430839
501945
