084529
187552
503938
810956
445513
613692
701317
795810
784600
268725
131046
503732
803525
922517
401834
051593
508567
360665
242840
321116
725800
342756
307144
817442
564526
299169
908091
885831
267401
684111
255496
477037
317150
936435
291096
520126
525387
345632
742790
357437
713809
989858
875820
117127
838522
685450
227928
329432
987553
030113
967874
697176
326951
039010
376195
625979
189165
123900
991147
243032
848457
850419
832175
565335
746570
340660
122198
063518
639574
571112
897667
858101
257615
916932
514803
356801
789213
839252
310557
974487
281318
012793
017184
759209
588711
930212
811310
769051
030286
497519
801006
261160
832720
849613
851007
520422
431266
933262
636112
291120
853037
606288
373194
398949
818310
542454
471537
514861
839591
914263
990329
891908
996790
290111
193950
408416
670630
483910
434033
881709
139751
101010
078558
360681
108088
713648
593178
075594
330086
888385
236305
332812
883898
884215
415498
018558
959573
644662
208290
435298
275213
898548
531530
794721
769934
240195
414161
342051
627670
055397
246833
693805
149532
117147
249971
270227
879423
063322
649147
759814
734329
453014
299070
304073
110574
986729
875729
095720
306974
691752
680584
986019
974841
912242
469676
960676
963718
460492
553397
620677
469160
827160
726135
739999
552938
128784
028869
011923
454945
376354
133884
589037
113318
416275
199022
015317
289574
831280
613358
052835
244590
843773
076329
314376
451727
704693
876221
055720
238931
873828
680826
691441
975503
380212
392521
842704
494100
682908
664938
010106
254141
842760
831848
717838
839182
034368
405964
182653
959051
641501
719936
029681
417093
734433
263114
701407
099041
795313
389698
727239
628144
873032
429669
944135
124927
037981
110528
685255
904573
690634
077162
762229
117125
050180
146101
039994
684579
975752
576641
773076
372068
985229
612018
899308
092622
592753
476585
099607
300573
645990
950504
555112
310781
940175
413684
595319
619750
638110
968098
817994
032802
452383
761850
913203
075281
948829
203005
760210
273013
703013
747822
069910
531788
347607
464582
112837
166730
656921
972475
774304
278273
573463
447335
858946
584664
727455
953660
754830
172864
932503
124285
009740
912590
170419
563786
175249
071629
807415
400645
137842
292879
259232
492105
878414
027868
340288
724475
428615
416822
623907
977511
761450
203388
292476
606423
295100
432855
949324
000873
501265
264037
555758
500346
924283
265067
502368
312408
167554
731800
238376
012837
903263
811755
231879
226961
302832
505237
014346
045627
989284
549463
243949
161238
759274
826975
030342
046558
759355
054254
538258
967060
634114
731197
422191
717861
579039
640678
446786
092590
285869
939589
771795
322815
248520
381881
194024
539335
352856
189781
565746
662174
949587
077169
500582
535428
680421
707662
852906
492083
121230
653654
454751
962910
008323
999603
437758
308273
769408
621430
803377
759581
972920
027749
031931
726639
292796
094940
767903
974675
439043
557232
273337
494459
012876
572707
123310
677472
985696
304499
716076
735658
970154
643084
439182
927776
611669
005180
383362
695257
142013
986499
333471
156474
328677
579308
680788
720352
208169
746826
816941
478954
143283
871956
271747
127976
470989
513640
809779
180443
283226
779940
568811
482403
944248
915199
097879
337427
784947
241225
398439
060722
348020
385668
598339
058848
607061
867047
830521
183253
799506
222911
470953
502922
068634
229846
396765
876502
775097
434604
853612
091698
974222
784315
404153
401022
175768
667894
608042
794274
981251
005194
776917
258279
436301
931417
077197
751149
376277
342391
406558
467160
550538
455090
390199
109810
926758
869239
966798
447439
587134
232997
741406
230622
145236
778336
592808
280470
257741
200776
435629
811326
617502
654247
854073
076986
935944
186756
202089
481483
119880
992092
033607
928528
693441
473277
411524
045305
007355
964763
562260
383984
239410
951887
111786
494748
044850
991522
493729
516495
497330
736537
903563
837055
295832
113571
701982
531189
941060
279367
676656
648228
773096
252528
784139
641220
209452
920345
939617
648720
630797
706080
896114
867119
901224
355556
891765
909364
367502
563328
397889
059616
302655
671629
458278
708956
501353
924249
685213
592006
918762
248776
775119
020984
524618
802857
013041
243156
753640
287665
127991
230667
028203
812363
120544
373556
714709
680517
557925
740981
951326
442798
049537
891023
708875
339614
942088
459289
725070
780669
585208
877476
964385
852182
219736
656815
641331
700561
656226
048268
679510
661928
524905
169803
433434
500246
122641
499403
874379
709683
297384
071660
704612
617087
606846
785373
687123
417410
836783
521940
356603
272212
765664
508633
570354
935958
317126
143189
751198
789336
662917
058679
744993
693504
648522
500325
907490
079063
952500
288287
871680
436533
865269
585492
254712
245241
378545
984877
852629
228383
425504
595277
265207
632308
869701
390099
693032
442884
336904
051416
856779
806517
679962
499840
007699
351291
607940
985478
580833
581297
771747
121960
273710
135537
851937
281391
419832
080390
601370
299277
655698
302555
699816
076828
451957
858503
279533
408984
416956
770938
107086
237302
219994
406155
453715
081501
968176
249912
813829
151880
254501
919224
319911
036852
401740
438624
186204
936261
739505
216712
148372
786321
024247
142633
089414
978300
585212
302568
640704
869086
283165
531991
415840
904869
224117
381748
030749
137985
790279
028326
016149
027978
924070
905225
435641
886190
364745
423042
854601
302048
305545
074537
300538
818993
629499
667567
972691
873966
180311
262438
089167
790983
252244
098515
353559
499444
151270
004102
216227
929914
373640
238437
959569
677517
631139
583258
584342
719164
046626
511994
909087
573250
513857
968895
029957
081598
463019
988732
358101
567571
997002
324081
449308
974163
421664
541828
070790
769002
366865
578113
818859
448648
461382
290344
550662
149396
086901
650821
843516
744809
270161
457968
384047
399233
293689
558580
068460
269853
103429
740382
644368
486680
681217
656009
795558
888363
858874
150273
299348
778632
670530
802043
835016
075279
469636
088669
943162
812052
333703
476220
885741
403609
979879
899431
518906
921048
951836
913175
439853
025186
558933
634344
594089
617172
123162
356541
798856
817819
931787
966546
455542
376096
759943
382318
103114
007322
270313
474084
317569
227119
949410
845033
399912
351074
833461
956086
600058
851083
231061
357259
856027
927550
126136
954323
941411
270077
457062
072129
939463
776020
470184
060038
132980
924328
481148
003351
681000
079486
790449
009490
887556
448685
042874
589517
045654
326691
961815
306150
121217
600476
279955
545234
552037
714232
717973
989634
546785
565398
878491
772024
694185
087610
491135
543920
955939
795123
548651
640558
521561
560576
152545
727221
554504
889602
901443
930682
712639
896205
209378
494951
338615
977100
553395
145831
508400
623454
399890
230713
743276
461939
289283
220164
760911
786364
029684
083331
590653
421262
732290
502035
798512
894116
556260
056256
221603
831465
503364
354870
456047
322474
326158
