689872
997892
200066
287484
463631
414345
540146
912092
750339
017506
433271
609960
902046
826008
698291
490236
527197
093561
484794
170550
781681
326543
522585
418075
188966
101480
790956
988959
041550
472664
190151
908695
560984
718060
277555
348714
990045
073167
462074
354103
282552
060540
095908
503534
377339
535155
024093
163795
264438
456389
806725
505230
472633
900033
137270
309693
203732
236478
210549
071652
930275
772047
337169
140063
752321
592664
257848
870680
734400
320017
104793
811250
807157
062041
104661
817303
249635
100005
614052
311269
913889
906897
015669
925514
734721
199495
869454
993592
004463
762287
440395
602825
729431
880740
676733
607541
185690
340980
013747
272584
704086
693572
689497
781529
683336
316648
187616
907516
103898
561594
033628
389444
912423
479031
890023
847730
606192
185226
034462
565761
807604
311712
301123
685456
591635
608152
592491
442950
763143
093185
616628
031186
620582
735916
470377
757028
395630
373913
057200
842943
936108
830208
030291
013639
211509
603708
134522
380196
681715
844324
631505
211295
756262
133464
291365
340557
291751
628110
314962
336689
547751
236464
500280
378335
815324
582738
127394
635120
029450
052852
985705
829537
736030
925581
965451
625236
076999
499305
488167
234920
402579
949008
102350
815378
187134
978917
487390
952580
360381
607026
658271
657015
707616
490492
698950
924746
406036
230791
510934
027149
959815
672748
210736
807337
425592
315269
552570
400789
860018
015377
554692
303633
916459
963028
046268
316583
752961
710959
633352
539814
925151
149084
316704
090736
121995
786689
098160
631420
257551
373811
398210
620460
414427
530467
738353
204198
177291
170796
160275
839795
823518
687243
222408
711901
629320
580593
892822
632994
164411
534849
806787
569088
001106
823247
224236
467866
865280
353566
959065
206434
595314
718147
888582
764706
827137
062551
975327
111196
081837
719305
732258
152488
513435
271153
324956
479126
275462
974047
320317
371686
960871
371855
168286
367334
911680
363534
056465
564293
961101
526028
019240
988494
098373
937279
381932
775602
028199
298539
095409
775557
102439
842616
993518
823767
139373
738655
183727
414699
666367
280494
144335
985569
649982
273888
455052
693812
039938
896644
060210
869570
820235
673803
524377
768723
821146
312373
962900
091852
437234
745860
502165
347208
025993
738032
800973
465137
404174
424493
249210
563104
888355
243006
601371
253068
761209
125403
940998
732848
100965
096158
665823
505018
347535
969734
226692
244991
596366
727167
873484
029015
642134
085205
221315
951903
841027
283423
592625
447480
694961
258909
439916
074455
061840
909677
812261
402174
280022
959128
343958
211727
676401
841885
601546
549601
228010
357025
908291
172491
562705
682453
575145
865062
822973
257046
980650
682543
041536
826705
505994
758426
128298
727283
409859
652292
141901
945209
174291
612297
313191
467823
858197
516092
814623
349926
917622
961672
544568
209485
361311
887150
645311
993844
477226
531868
287613
164737
499622
170193
500649
389051
738901
257557
407572
439865
762418
084317
196629
042858
681362
371070
741670
972012
067364
050501
049521
193813
481728
854979
153770
326649
322314
176599
292699
182391
232270
122863
270633
594332
967278
902281
282573
731637
504630
227880
854100
833314
725427
936492
192231
107725
876429
335072
029415
203022
468406
834725
145433
178778
339267
141212
452758
740790
782711
571637
919234
505446
659528
889117
043092
388908
906012
940562
821895
218944
956627
432635
091076
110141
293605
842147
998437
154396
221578
952737
423882
786731
754458
888548
967770
698509
191650
198522
522858
439451
763896
256708
860189
469447
343815
650783
816293
316377
192652
808614
872419
503981
094497
801546
030763
493001
654941
601755
676097
016432
061943
838984
405208
172293
710977
336660
834158
450303
561493
190644
637865
728395
162081
853756
820334
812101
516073
308727
803350
710887
921215
085024
847064
056235
988343
326214
494703
277226
771597
599429
302700
579400
264992
747046
667590
289460
807733
679112
616500
544383
789618
052761
932155
020496
154925
794551
080711
754032
299769
418584
443610
699778
900705
155604
678294
692031
432854
024808
960655
581796
091474
454871
642188
749543
043251
281439
948914
638746
302094
756845
448774
302585
155901
448697
073615
933180
769029
469712
433229
169398
856319
252533
510104
742263
401109
259623
986980
003370
448959
993530
507708
787764
012036
120533
390857
417790
226419
988875
753258
478014
440108
000133
929859
867119
111662
790910
820421
864412
499618
786648
402856
297002
976527
040976
333737
744922
762537
574427
513554
608951
871408
272716
461928
720925
829589
700839
855453
356137
323878
851580
831299
341248
803984
388580
904642
208105
333921
095201
602470
419905
973490
669961
898626
411574
822465
761023
199464
536353
724455
299130
157399
461625
821629
246068
346049
501990
900931
168469
241255
322891
387223
449217
492913
164939
957960
840157
825392
406013
564288
186624
571852
598308
474677
455727
825725
744857
880596
199245
623552
918229
190715
108537
756402
638732
255889
928993
107206
459351
018390
605039
670759
040155
390687
098473
616649
249137
229216
167214
163243
326575
663699
900748
352275
863209
929525
886646
298276
091894
348059
614424
754393
665362
653158
483949
345148
291225
969533
209150
785296
449605
548655
909803
110233
761378
829750
812398
402854
436909
557391
126129
905381
677160
693588
126036
918907
836421
706533
020833
558070
445834
007177
336299
053821
854665
122140
063872
131644
894091
400633
377487
196209
894676
535219
874114
988709
338623
066705
350812
526542
073126
880267
494147
655131
834002
411598
683265
683364
319617
008840
656322
906253
777413
718786
812281
650121
003045
588010
910022
087075
206729
138324
384145
702323
927365
441848
104768
957643
083582
983839
926649
740764
702507
705786
739417
802081
611301
916789
856188
321227
596440
124189
003835
517702
588029
728629
120702
424770
246215
682848
339461
059178
373964
963178
432764
165384
071022
797136
865683
113808
807077
958040
082027
316466
541789
449041
159320
355735
406913
701340
313025
096499
399484
665815
878515
392407
735407
009374
378624
040735
817211
888217
484544
029240
021793
569863
699112
178709
036187
629780
384921
633999
746027
136864
062361
231375
571414
477441
355240
381117
439349
395615
421923
321517
134374
379972
550439
180678
276854
517771
372894
245780
857747
100859
028477
104486
404908
030624
743666
116580
524087
809704
020066
597077
579873
153717
025986
996400
473958
439318
862387
915195
092859
739078
617705
997014
277997
588699
269135
451277
433866
320271
299506
151917
056020
330231
801176
743901
094428
149944
789388
470255
976560
970294
082000
643963
964648
135932
596427
685164
523736
313510
408777
223048
814802
112805
809354
092867
568911
011965
731419
537064
296568
153909
146025
646401
443300
055178
774192
876969
785179
147807
735069
489264
705810
573436
992522
203262
891713
099507
750140
836903
634602
651522
137098
873514
414011
076579
772710
718232
707960
772157
767265
886875
839961
797311
697479
