361291
692291
686387
738144
563120
523404
876146
763336
619317
161816
409789
847180
815829
072484
583484
717842
626333
822192
346217
620421
068389
045735
013808
028925
838905
696642
524243
342249
137110
574604
342226
826358
769142
706730
105701
593011
491323
714600
101356
826250
115157
629115
950228
302377
216543
108300
040526
738810
701140
849124
415516
077502
913794
366979
988317
775410
548886
252175
933237
561046
825851
979130
456721
286127
681407
849798
720087
434741
898762
281478
478945
909251
071895
986291
798412
158555
552890
636545
623653
313876
702991
931355
383451
863797
380045
150953
821004
186272
376520
378242
063824
704817
916436
884481
333591
207421
357266
467242
740774
677086
774570
114347
570551
943679
977466
257301
509882
921105
198561
996913
863780
276751
623811
528061
331676
668521
175961
335978
794233
527399
940904
244664
348627
671595
932365
839359
967450
184627
539365
300202
752755
446963
167426
287074
207133
400032
051689
959687
336556
725874
104883
375621
770453
033466
461303
448825
951972
288311
176975
711604
397840
044085
961553
179611
729557
986518
776448
459519
207963
988314
582846
894127
461341
379130
402780
939774
537560
572190
314783
356069
051955
743089
942336
165960
965384
470541
760006
106346
496869
564234
937648
940991
947231
881302
561026
492224
277864
798369
876353
579472
104045
159188
418186
725042
303210
109181
736629
096185
894877
532916
913198
354874
805595
778958
656539
237553
845278
135317
888200
728282
062755
195151
026136
868543
051065
100456
128648
408047
909292
001587
535389
677892
969973
766805
742991
213674
647886
592223
747108
146633
012034
054809
325152
156538
213928
655659
236558
995713
403745
630143
654537
811086
712413
947959
900312
306904
025642
700334
838497
393890
599615
060882
094262
856397
899018
264950
109092
830583
184993
156476
962957
531975
340578
863910
427293
629499
260797
891143
096655
679271
941214
717503
573836
027869
976202
962012
896343
157359
247254
793695
556084
787471
379248
831880
116277
762297
510458
113733
327400
103441
311646
130272
461810
449682
781897
646646
078953
195495
550230
064641
052545
356391
254483
877071
299194
882749
638591
541723
101245
120479
136412
460485
609494
815785
478656
096586
599189
245424
760620
836875
799229
892178
505308
863140
899127
090591
903626
900431
405047
085931
983504
140201
583770
014008
107790
888346
313513
411144
355890
695268
669523
565036
717780
741989
652784
435443
428034
058892
534397
910468
826183
430636
108735
402138
164946
229115
511730
000137
645971
264951
354574
779616
929967
529685
318238
148389
490411
333866
931021
185341
107926
945524
443413
119822
947696
433538
809085
003803
968814
116927
583775
968012
186914
993098
705785
690699
209532
730273
613246
781036
486016
002329
819218
593470
073634
906453
967991
580932
651440
325477
086559
001889
952892
034991
532505
961881
773256
314306
959420
952052
782229
782708
216000
709617
030705
053673
434930
239596
901866
994476
679254
265254
336038
753988
366272
429869
198697
871664
517527
676110
222418
217961
657575
452170
238823
844094
553840
998301
740722
465345
440805
113879
102907
156912
256732
560511
783311
596148
973361
359020
542311
245905
148907
184757
542156
791547
344726
723445
382114
878885
354101
056199
951006
675785
828369
119030
395402
583106
801339
824063
759320
004240
681360
185109
392461
172734
401888
604316
398372
955735
149087
962135
152547
312577
444020
392965
079828
172396
294838
358649
998230
651625
861250
241093
094152
303916
202280
157741
141063
481184
514163
032629
568526
558060
020300
877524
507574
653852
922381
843288
044250
466747
429971
303633
571983
429739
240019
138686
458027
438365
896793
897298
565640
350491
933143
034575
195410
827421
315008
342155
220258
442766
335437
583322
273242
491803
051439
518372
621020
881291
859791
698107
047500
281957
987458
511718
419764
248785
061427
634689
882080
446160
534144
476150
361313
036148
385349
678360
885509
944478
473335
796677
495334
155960
086807
720368
771354
814648
117618
582243
145055
043337
627374
546853
221744
222151
072857
584966
147320
249416
186471
049988
298459
001968
867421
663198
310721
801370
178884
491871
050685
529949
394475
760031
865979
599018
925775
999577
757947
681039
118215
182371
608064
089244
835123
587683
772196
014097
661200
415221
218614
181685
637250
180895
905596
331289
689014
966166
333994
883112
501684
936063
692757
895731
188549
048245
848690
302481
707896
646199
481019
582114
269188
911104
542436
768526
302355
867527
471243
172460
743730
929899
219537
639452
571774
223178
212002
912829
798600
668668
680319
865920
969614
990967
921575
702094
529180
184916
060642
821345
089981
487850
329647
067883
316116
964258
927675
552745
397630
956444
633165
336952
909449
617926
874759
503776
895161
290231
005938
023254
721165
508031
066029
080612
027458
881396
086608
224151
772149
150516
596275
302978
206139
477532
866242
150078
824152
108804
846220
774433
838603
219039
740159
042592
608326
456498
274284
603659
700080
718460
807077
571863
724315
077582
041386
363035
301345
004023
962315
722412
959481
835684
518412
745380
273717
452551
994477
739107
806131
859151
812732
064356
238297
024479
316549
276834
586211
402596
846258
935089
023015
390841
462051
654817
808421
610555
778800
096952
229868
401420
962837
997102
840500
965695
473192
572795
185615
693792
051506
855592
373862
787660
776672
327007
469692
299865
131738
568739
399732
030327
768937
161233
024397
467830
871091
513503
345129
037205
580142
947811
106280
731397
762819
110322
099379
176493
539964
821935
275105
338137
151231
390645
487515
976457
367845
338278
334028
893428
769439
940963
885352
575672
182681
713885
201834
170984
433842
071756
935739
635519
072221
619391
851935
675169
083769
742360
078754
743613
766689
816461
817705
740909
010089
054082
815401
991384
281645
394176
077629
929696
107019
293861
688478
809990
384511
697661
401877
579117
937280
088697
016432
705443
980918
907638
648234
631042
982667
320863
571338
928407
734885
958733
937394
670839
640276
002808
957063
993584
175239
661375
534134
748598
205682
720156
584042
369607
664598
721935
365436
368889
032141
557623
327809
093628
714239
984811
424526
650471
047121
599735
100215
415556
420693
470854
159934
436423
394883
767681
363346
343402
629760
525648
238506
929858
006314
817980
096633
088465
400445
296759
473227
901709
798079
877952
481077
623270
311070
039252
560930
273094
514068
242538
041833
546213
722132
237617
233090
328903
142415
470682
656824
923101
960529
896565
947875
335426
690629
819500
494935
212919
519903
459163
822610
634583
489422
787433
745904
616750
978215
499216
827285
086397
220349
095481
534144
354271
072996
862283
419189
111242
093253
631500
741277
246972
343245
906586
820226
261476
699823
459298
059509
623842
490809
648562
423931
733247
390639
748743
061674
864278
856570
479222
764847
270054
618464
069483
447423
330394
509522
434907
000654
650748
400610
483275
169528
083321
473567
434037
133537
886234
350057
865733
954624
339704
868076
259230
481401
711290
479830
201174
