893548
648546
920333
548637
513663
303108
878534
903271
546106
410345
215330
654062
992759
028318
715950
173754
525969
769988
029644
307923
800448
336811
932588
925767
574462
512890
460865
830914
247799
891635
703507
270519
925160
165627
350240
166493
419870
119547
849126
556240
939007
532695
707536
836094
604953
951622
329213
242906
584454
178228
739966
867316
521953
008988
278272
479115
739063
298816
308861
249378
486415
797428
242694
009311
443075
363523
445195
691451
940947
882606
058516
646806
272541
027940
877671
595395
970065
660253
555098
843941
774082
914328
672022
636080
018235
214953
515556
988934
224210
469101
280116
670996
235027
187239
668295
790872
172866
139523
879041
473483
971687
760810
814964
184100
959525
684869
555964
877423
998332
043110
916200
195237
973109
371679
976835
672319
808415
200366
341347
342523
311480
588984
663926
083629
880737
935742
664420
563574
090657
533074
173631
871696
891533
074288
806033
349934
601058
378249
470604
738581
640756
352410
978072
872165
813287
053890
861844
752847
551818
440029
789067
168973
007490
815173
505402
381966
230557
293762
555998
377825
399637
674579
853205
048898
190027
235440
634456
703193
642360
479316
649161
704299
199882
094928
849366
427211
718188
543191
611899
563579
772388
789951
587191
522466
155792
323915
285925
835912
733723
152471
688432
883819
040114
506884
830732
291165
151815
237151
305559
483002
091005
158127
694758
277468
179809
071807
105977
386166
352772
585073
055627
333765
031116
912415
915318
911787
634076
618810
382397
117166
012686
401412
258155
801626
123271
879429
643289
972387
447005
618838
265691
259887
798459
065167
786967
102556
411968
543589
744914
674024
962992
506109
216469
781020
356213
857707
731329
026302
977422
492000
291745
024566
965941
152780
573461
555330
172025
032250
769681
662268
837389
664630
969103
613418
161141
100957
816486
281503
584465
679102
745744
113027
566564
593085
322201
413540
644908
983021
028014
819478
311050
411881
187935
848518
114103
016141
091433
146735
721645
813683
466667
364983
407058
276649
776586
053363
118375
483477
161052
632981
557839
441520
234791
105183
924248
295924
214434
678978
101516
035398
049199
476391
851218
740607
455461
429766
383924
689899
797283
358862
302484
659425
844906
057398
867331
883710
174672
066410
241872
384367
848491
416849
342011
673325
621180
558834
646571
580898
751854
118112
934160
214051
629943
522103
799925
107903
743488
815611
360820
850760
404968
019946
689997
261878
545873
157333
746868
557137
961594
013272
657442
154070
735479
364477
403221
549274
517363
614653
486974
809923
175005
253049
285095
025351
170291
746006
704474
504779
475316
078479
183321
037959
701035
646136
085166
567290
136964
882466
928282
965044
526308
286781
450850
943882
420981
019173
371868
353962
401219
856047
885851
021181
537295
871761
712247
468986
463883
835598
183827
480494
386536
491743
047618
876049
662910
908238
451383
633296
668733
182666
327202
372853
118285
257149
937309
829385
197438
385782
851404
192756
786180
919105
952215
080896
917577
460609
872316
636490
569945
055640
014922
147703
482535
024444
701726
853664
473486
917701
669009
669576
794379
966598
191930
225592
034288
078926
435190
568212
190922
560959
748014
518437
256761
080405
708823
012854
672286
823427
006701
349343
793100
897650
582344
137748
416749
075347
172316
262433
250004
523962
072814
130600
619073
100205
941768
973171
232860
662872
470810
359202
151584
282276
127047
860346
284276
058187
822680
540563
631650
094664
665268
650715
304327
357722
917641
604822
367564
043927
701326
933906
466332
142837
583385
417439
079169
513511
022960
233003
911416
358815
497944
783894
432708
582234
967309
217924
935530
803763
532820
715460
237223
931468
606366
359877
718795
170705
066537
303838
515472
722458
044640
042051
087890
753045
933978
841228
169084
212921
192707
368854
107148
536519
284682
196370
069970
841555
860142
921079
298069
369272
599180
025845
160712
301152
590240
741592
461233
218752
672067
018916
454222
040806
336631
341618
462086
323599
737905
273432
226845
746356
376550
106416
127111
027251
655647
908417
459582
417667
061278
529823
237549
345638
935085
463212
825219
290292
236945
805634
476557
038430
847960
797308
965935
002274
895299
608826
932332
569081
858399
986433
226722
860594
693175
626411
051556
346231
216697
673888
849151
191946
537460
610930
507726
966178
155791
164343
744520
692478
084148
358647
821353
450848
209457
611096
730996
721970
783028
169518
426062
118072
438538
055145
371958
747815
265089
614104
201540
547818
109958
444587
415509
822353
382330
124033
757795
833553
744344
206801
717070
811986
775720
421416
600440
934238
625283
370520
276833
502938
249954
611003
324299
592934
050877
303776
536132
226979
180042
666951
330590
665459
768968
031522
543722
401836
533474
826913
191664
359535
424332
016421
972629
248504
177781
401518
605761
590826
799839
905914
179271
961940
000070
720949
942841
689819
624491
866088
258560
497846
580255
960857
831527
948490
594776
636423
615390
173969
092954
809058
124067
086575
718911
600332
622207
457359
096790
057134
722866
243864
121423
289615
108724
661328
597348
751431
028782
614473
995365
389109
601196
352653
698370
879176
222398
945693
395253
103498
854107
517966
354788
116028
389891
730222
045016
389934
063737
993808
356071
747078
699761
156545
612757
914292
323567
729982
109159
512603
015031
669636
904933
269794
016057
831893
165698
931181
639831
901703
998020
348725
218954
494955
148314
696380
564451
052910
791139
037653
164408
761983
630517
639712
026210
494226
982682
388296
517336
001855
386866
541435
261489
405563
434192
010536
209568
149194
629385
349723
687503
266872
117133
023202
019266
615315
098158
153666
521651
929602
427564
199075
199043
788588
391404
671320
252801
034075
309646
905376
435340
803424
325114
249727
719747
288195
824436
316139
640056
629280
173935
262341
072855
658226
330685
414293
327033
116001
703636
557191
840527
424981
627364
772699
464320
879453
904973
527808
445299
514923
304921
235986
955407
107759
937014
351662
162928
602358
991612
580765
587038
304435
721600
354503
528745
077524
746534
372928
256796
748064
742145
560017
989651
391738
020579
785810
653682
346615
407401
274378
013929
160058
732903
535749
763465
029564
003791
595295
849914
243735
147808
367657
572602
958227
545665
551673
483603
005624
167308
659782
601655
444931
746456
974607
329846
031326
367113
669696
999252
208711
781376
210308
688787
816142
345165
028400
848513
800381
456161
173262
798595
493260
651787
673094
246458
428568
426053
804740
818097
991897
934060
952568
397057
326222
468389
210557
486141
825537
180552
918190
937572
228660
203352
433024
853827
037163
674492
704011
626816
509976
654253
321210
950706
499794
628693
323753
356082
414299
214494
810347
584082
926741
513451
577379
698378
497891
067639
151515
131991
658248
751534
098594
500996
417247
334727
046371
324768
275374
440657
201084
630288
521560
943891
862489
860929
007498
578542
865957
333418
017650
204515
997954
558119
075874
