586849
903441
622539
968673
064414
582817
458030
572968
548419
933837
107179
551022
207410
085288
877940
093651
299829
246945
669386
544834
042774
233023
168135
730050
113788
469548
657165
576398
646405
872531
163429
270928
276889
662750
218735
453343
293930
927845
139758
401414
660136
899305
572247
929333
002970
961154
404004
748682
976878
369661
120188
814844
105271
725664
464820
850117
004876
062135
841306
067976
118063
290396
937881
713271
332952
759405
494576
575499
195048
154972
332567
546385
126352
266124
750537
099621
370659
732111
959199
378238
751947
479495
161570
992618
340897
485172
558937
347711
567124
188831
721388
690511
282510
349928
676246
495311
591209
443214
024941
464703
009456
948242
338422
104004
652363
207857
127576
542385
039723
351099
622334
578235
134787
672106
174629
891791
889715
620102
316058
980356
110361
428397
590819
026248
751508
853723
953012
089637
477146
120636
853527
920534
203864
209900
030739
731135
404648
098446
536651
162717
289296
375695
862973
670310
900468
980556
198979
022345
467722
937462
956573
699998
247521
757321
568498
148376
327514
612676
297310
550462
341112
417008
194611
362225
004260
298939
932329
187128
515782
981522
769782
796689
489658
998245
553320
589993
255343
052015
643058
398976
788323
241455
055816
537844
180256
561522
693960
944954
609433
724199
646624
206292
886099
587667
257862
885817
462152
684008
887794
471037
087565
444304
756465
099555
178496
357297
666320
946953
318181
054696
056993
812385
287607
491262
404883
572035
287384
836644
915668
535889
631272
468048
161641
864626
022512
471590
658175
868646
991638
088484
066857
518081
855311
828216
123494
105964
824233
119877
070582
510648
551457
554452
796026
602142
331476
613838
465983
650111
483836
687346
083314
683229
503296
627660
009854
209691
072284
006832
424001
920749
855774
375932
062180
459301
490443
982067
728994
848234
249928
839321
315410
621109
176268
901914
899799
666245
982698
682516
728950
089005
643891
823543
082165
457739
524598
059389
203211
453349
900072
425767
001203
352435
002746
889588
453104
471373
438481
369888
872342
207109
059231
281456
503155
409644
317662
044907
313485
831570
573231
278394
265487
169407
231102
482541
153484
684988
070678
729241
190720
107966
732717
789396
494467
852278
494533
948622
548456
054749
785759
125059
967866
083538
875708
446035
535850
791159
480895
514598
499329
799790
085091
555677
310749
367756
230461
207342
386999
548476
764145
883612
214465
463404
422437
892456
658786
753947
819378
972893
815509
655096
860311
560654
701348
819310
484367
896419
552987
156123
100807
705214
453049
250361
046424
886351
240408
361937
300141
016355
765889
980267
426935
554194
930713
855033
244842
590660
202188
107431
740858
877492
383549
274656
839941
456818
692783
329031
354818
431487
810209
134725
718780
638764
890787
638671
981071
298280
459197
572735
513557
612446
599427
685740
637310
503963
911420
766940
184460
294295
519946
371512
965730
680774
918164
099257
636642
754825
120946
272028
272537
320832
796094
863335
320766
988523
665937
882436
496242
879982
684313
421007
490719
490968
340600
491284
139819
490258
791258
978119
068347
233578
863246
931838
025304
040997
604914
004415
106267
911178
306036
903124
274809
926553
705144
958595
991388
426711
269919
764141
447411
331710
212200
084691
598380
481830
487204
451134
906066
395544
460499
056720
583633
370873
426339
524666
966662
967745
909599
348179
430026
834316
559535
427087
332614
406393
742308
190788
065299
654950
560449
846127
470319
722224
598565
666833
096990
218149
402983
516160
636755
007655
326801
044931
338117
352761
126482
081165
975064
283477
533053
827248
730613
239915
425549
291131
165246
054727
281956
441015
267946
492092
028607
234627
374153
607862
251417
190475
917790
294772
842945
015578
139515
131918
807738
376616
968101
494219
530797
474345
870341
941573
902677
575932
530595
903496
200935
167364
582229
887738
384434
951676
194344
865073
340920
485244
668330
998392
715289
375944
944671
131251
125653
479043
491699
454955
702469
530252
654212
043548
530959
723406
135343
293267
395292
233052
049866
000015
531155
999637
291310
356202
116099
072953
465766
899971
302937
141022
309520
393649
812392
215054
011795
434924
749071
932881
349010
458331
996277
055473
714802
656449
380905
959488
877004
303168
914170
606342
734861
930854
104956
003243
126102
484177
566561
707005
912299
918679
406301
302832
543097
805976
258040
396418
692541
780829
389741
795629
892694
543028
111949
254011
816270
727120
760868
504984
056009
200000
514144
819548
662094
921871
436147
413390
265065
018078
068841
353353
347259
156601
107760
237930
979881
639758
145490
410099
025066
303436
901349
450197
996216
361755
858368
725950
228086
234774
861062
101424
930339
229830
764411
131928
725824
270294
708297
930743
201920
759725
845690
080378
850072
138730
857919
984372
609931
059404
601954
519312
447329
500436
785925
184850
437736
110816
905988
316991
578816
866243
445911
434049
631731
951952
802701
562104
958929
885725
953044
162717
675944
306516
819998
533272
681667
303475
173407
303209
579768
979801
743790
790676
745619
070285
347894
661612
115136
099719
752421
587889
503396
769987
075739
783157
548893
056203
474459
614030
765008
991157
343363
336790
961896
662858
445423
759165
482893
371077
203760
967117
537028
257591
401399
248837
419509
309275
059386
237034
914513
938487
166292
709357
534173
911539
416170
980117
681198
281909
781421
695860
351461
820703
409191
353324
399871
695248
106655
326889
067922
230505
820317
089969
448725
254049
121724
783284
004512
547412
521639
773260
103449
288746
009690
300823
394638
018851
475464
791452
675099
764653
428012
960830
455874
455443
866161
744183
567477
608807
627772
419791
328876
587070
080066
122609
886101
377279
604448
334129
611655
776256
823890
594595
389648
398401
471953
128882
483620
140046
629178
696423
420773
614850
708844
366151
321720
188993
116556
220384
924840
471381
794726
271725
447987
523059
530893
446320
561881
453513
394404
066199
880709
854665
585185
588010
745596
605634
749522
954374
532597
890033
002536
087462
108872
763609
856585
899710
146082
766197
905338
962188
572254
815608
055737
973519
924161
795590
990021
285372
674851
510320
080313
078265
718530
381657
395142
344487
667524
269889
806411
590715
903965
433234
393111
008512
215272
540630
689114
482764
036228
351736
721429
272746
524214
269838
638194
403828
451339
500084
502028
151801
247206
478787
948494
205018
955095
833022
555950
039906
082262
977995
532510
268393
841131
001900
308291
592679
267579
419048
771865
774626
017578
058914
067419
449698
020650
643323
804073
808810
788977
966597
129396
621030
829188
526242
442904
546007
593125
324972
517379
665031
435785
666868
693847
632661
554048
074494
557475
325057
861026
963715
697934
619742
525234
384631
048250
304831
073123
574107
659212
685203
978735
263108
529045
966416
674647
007546
768928
008737
133086
656513
104731
169975
339203
006485
492551
869957
293640
496708
176369
847821
501091
267742
090804
332088
