901836
403391
433748
083477
787100
991284
269697
339756
541138
544838
067132
607275
386712
210813
811138
171655
419297
996757
449787
409281
047389
072497
229686
661548
229565
193864
670002
846775
769515
936170
789100
108542
001905
381421
405268
023908
565166
284763
567151
650506
864893
376690
501075
857017
449866
347521
728586
144606
519912
080563
319491
373965
858347
603644
480701
674602
292403
990704
431367
334410
217907
009387
159680
261064
321638
757750
241392
162664
224477
009400
582308
933911
147732
698721
008420
705354
614700
284346
004602
490670
142447
469378
744813
222692
733877
297715
845805
266826
854808
153423
387451
794417
013029
721889
072244
226599
120640
265373
963721
736000
238212
060628
772601
309470
112686
997382
339524
375657
905613
371681
987604
880331
197119
277168
491072
571762
558488
786839
004776
998802
858390
263980
582936
983362
645079
856584
722321
056398
777710
310704
927405
880948
726249
632293
957575
078545
825436
940810
235574
619838
109277
214427
426617
573909
513025
476193
506492
327591
198326
140131
281733
448879
996047
166537
059683
873811
098093
301219
130584
854927
214486
089481
867425
433095
113350
586493
485697
543436
119004
272204
351251
953463
469916
415608
545045
629954
981889
329837
639961
146825
110175
774579
535789
381641
274558
595898
460329
938518
963739
730658
393346
502006
321894
259487
536987
877990
742160
843908
533359
425159
888238
208383
796958
860750
819527
381629
712566
121896
905290
518766
708374
202334
018905
095039
952024
280810
919324
257140
313394
474925
469879
765131
312882
223816
370148
609006
204578
539855
196001
085727
222469
218704
799130
684419
234755
085508
197826
356393
143472
820412
732200
600221
085753
543167
228160
251813
559472
341428
337582
924654
782652
361153
097662
758747
534028
240500
604914
621350
551196
512116
084944
802004
206533
398490
607415
306143
054004
077114
003036
596507
147065
293319
964287
228507
425995
637687
502540
156529
928552
535786
232056
913932
299615
943526
541969
286902
161156
557068
644324
653843
704623
777860
133854
244836
205133
749199
195364
721990
266546
087864
858240
578087
280459
913794
614881
574433
788941
116085
373226
071626
881173
183995
520911
220733
518067
086963
862008
394780
666809
492944
994773
419620
592710
383712
980968
760334
618310
685629
283374
371119
454748
215819
798440
073235
396318
856342
632432
353837
586235
413894
308926
079103
237284
072520
436542
566381
183331
025852
380420
110233
356561
392718
216561
926313
418834
745433
998339
153929
278305
711532
606106
478439
644406
219734
401367
003146
408935
012548
850859
948801
900395
634718
947118
244819
902175
709779
351331
915878
863421
377565
349044
282441
733838
324383
819193
937516
263246
826032
070778
097903
595158
806764
033009
153863
463156
159601
610595
694581
643222
891393
384436
536996
096764
148486
927873
345093
705726
654843
639733
253165
751724
474964
513082
122537
880765
180168
016174
868615
999094
022003
368855
227789
629360
896866
593790
192603
298039
810301
054363
895179
479729
556576
077563
907946
444525
543496
420111
735424
276854
648694
877197
787135
051919
879717
777233
196710
579452
978948
846564
271632
589137
486333
279299
044554
019757
757948
778926
843405
640542
669611
216288
514554
142351
624201
629202
315589
916635
499360
968504
243862
987350
788695
980026
135901
740695
562931
407153
031217
793783
065157
751112
125672
560482
912828
644362
411647
467748
007914
400837
995227
595400
121980
548834
662166
269375
511583
033379
879715
828569
004871
172965
647589
807309
478573
303808
000454
312529
652978
744711
905321
166894
450913
682642
853093
985212
587014
397854
181799
908601
967701
739394
850948
807572
257201
900265
263270
578945
736729
344231
856745
122961
381638
183084
378694
397144
196280
899487
845423
297205
338151
151555
055336
252600
799003
448620
901607
497510
037500
697049
652644
156607
055219
502118
234086
309957
597365
790602
521581
554859
700502
205863
600076
067636
845775
189128
480252
341107
510860
452278
927064
536750
306012
836733
528834
700202
161362
883167
987339
407640
374943
314642
522213
510779
777493
463208
654188
186154
753611
241119
769503
860613
805017
197872
161686
080854
047362
045938
090981
674068
284685
663730
063909
576598
856849
569409
690903
575864
844426
977826
208508
943441
690470
620904
374550
291149
631490
604765
422445
199641
568747
078973
581607
650095
855601
172295
919279
041992
897841
961404
209749
897291
029678
093761
835531
691968
938994
027810
010156
758149
475100
458323
037455
341215
923153
605434
240164
168825
594326
836817
815872
004682
790516
767446
213863
822461
496056
258931
282312
272360
185224
036978
198130
768751
356610
778067
871643
825872
450025
507705
877493
468063
506895
016135
014774
347076
473158
481888
581689
257422
476848
134070
826997
110473
266862
418099
225263
780419
748154
626979
490986
375574
142175
244355
040324
587702
109434
395729
006232
362376
811730
143411
217438
506303
331301
739142
429029
777308
774537
444387
969022
038787
656910
174197
976588
608753
867298
594423
723506
354037
929611
335532
980332
135761
220521
499618
244473
757127
698481
712106
922364
504642
016600
540156
874506
274107
781872
755553
834721
737197
293357
819952
805214
500898
131811
184837
956791
916227
098621
886066
773177
156082
017931
376482
158208
951380
966009
148406
089982
452411
861997
810929
043527
691893
049417
718731
933537
871908
822680
567812
846452
229255
695255
545843
156987
589485
834582
434485
054238
188776
211457
148253
150799
605551
104634
523224
604723
361778
528435
301991
752234
005632
764572
955993
306440
396980
592922
827488
112056
550849
938143
205256
996902
445514
509274
001112
783993
954843
717734
947605
831851
403690
248595
876370
186529
500240
839217
114604
015279
433874
466979
803305
571302
708337
532322
863373
241241
027200
544822
354459
906717
025708
662420
729574
208630
889420
416971
105054
569645
348037
503957
466676
625595
107848
438963
317355
442420
915735
364222
847693
169139
510586
697799
835153
070677
420416
242791
502715
861359
700922
297362
170411
991597
901869
929570
931486
598608
575385
925839
102140
314756
337850
019541
086206
884437
963140
079843
157128
255488
268257
489029
875041
257680
913192
918505
976520
032608
267544
686005
759958
244411
257836
602121
694684
221102
638586
016421
696351
718279
272053
737870
274080
362942
614130
031949
968353
783817
134582
741251
842803
188894
603856
059002
051274
022471
903825
740736
345279
089096
598767
406130
725719
775921
091098
995039
319839
748126
421185
837069
410867
685285
095177
948270
472668
466243
352031
329500
877796
647613
853772
012507
343405
186939
511054
985390
925831
191741
056273
127866
571180
767572
091932
678001
758955
296264
217683
344760
663281
570205
329892
241874
304388
184229
222127
909081
516834
881047
280045
142996
893024
081345
822807
648668
351959
683603
867988
583323
659132
503222
469894
926504
983116
230951
775570
272748
505713
173100
967471
855525
734569
356015
299356
422104
372758
173889
598359
404289
556029
770888
749032
688698
