300836
171809
487505
029577
636205
404368
034829
074149
069036
423515
734988
909665
262866
704088
237691
551799
792347
153953
137760
589728
831006
488000
253343
548627
305786
666456
422164
121305
294649
628039
069859
920195
140678
575234
083437
745715
361041
279624
481335
583418
348856
579243
933985
276255
301614
390176
613909
185374
018598
594822
159518
969070
249829
120907
699573
344954
527611
352721
971745
338136
688095
388794
255846
404098
954903
401596
200658
737102
770272
014195
396461
756532
284188
399364
263101
754796
969387
096922
797571
959217
440933
057862
346756
315799
021609
373385
733873
187654
011583
328895
322036
691119
290251
279319
626249
452369
604879
142550
322801
760095
640479
750781
177404
541462
770817
828243
599387
109263
569325
014406
147589
694427
031790
480988
672480
907331
570528
198704
776416
825551
920362
440881
384907
798346
577260
320036
620905
322037
802725
482253
321081
171402
945705
278340
227029
419694
672617
372838
754564
012326
140221
520643
094053
305250
741880
929663
689510
279245
168701
154524
787426
339526
946650
858943
426751
860904
866901
459295
139423
800090
621531
454809
900196
031257
555087
430760
887336
050333
040424
142335
535013
641657
657630
881560
910202
549855
000723
639102
639875
044269
898222
704295
617676
891711
643471
328311
924943
294658
251310
782361
868154
038163
698554
338934
264276
488203
518109
932516
653393
445045
290899
508535
229475
216352
462554
211205
554421
727902
893571
405467
905317
805912
359764
164985
446927
995118
625644
914231
602304
578379
343567
211118
196469
341993
094792
866926
920026
896144
220061
256618
302706
733833
209761
917449
281274
882567
673206
381608
005318
344419
435235
579960
660135
319437
721657
477112
620017
251127
198358
453530
334926
442222
645508
865375
899004
176599
256036
173451
789315
409824
379333
265144
226597
288635
621464
060793
719401
544535
822156
835663
465355
480497
353368
740921
579555
713864
288828
800742
200220
602451
224552
976230
854857
810949
632031
877722
581011
360284
831246
960948
573779
345440
748607
698687
080215
538115
711019
674446
899085
138537
016166
772783
002066
633590
331115
355109
766648
836545
730792
055143
703427
376489
413947
835675
471555
939701
016213
635199
260195
602502
445364
129829
199745
028646
714887
908425
497980
079133
501765
669097
309025
757684
009553
896918
717924
950080
639629
175951
780372
356550
856534
653728
362703
454557
677916
650309
439534
062772
539474
350114
111657
691903
657952
084781
309983
165768
272874
991138
959719
642889
304170
863215
419400
959378
278418
460020
028394
199691
732943
884739
879088
163385
814699
030991
119368
657183
610286
534114
158441
199802
163155
011601
523365
961134
280989
491454
585050
433012
331180
000085
357149
561632
197084
277882
395028
562110
959948
863001
829790
325390
351332
091346
156316
077589
706799
222470
593696
127356
474269
538971
274172
569270
339420
915205
743703
895842
224130
704064
550108
952068
953849
156911
672238
325497
815566
740511
161873
202395
571563
328083
325225
945171
392805
287381
610081
354346
240613
783315
260203
971564
440720
121844
968858
542203
809905
516154
370060
689976
675266
855936
996032
127944
716434
616065
005248
816250
845643
730907
389555
422859
794431
541498
028458
833076
195487
376099
575536
694801
643429
485505
458474
410727
063009
201484
569570
566364
476058
728710
661373
590343
504670
694920
950356
978391
954218
499981
892908
348972
100463
404873
775832
717456
760261
648012
284698
223524
966435
827747
160521
804357
862427
907812
400264
276380
566897
044621
653451
728220
120677
325654
283702
983619
394911
170729
155911
868489
737645
793520
724602
621594
911288
565251
301958
141884
153479
678531
390062
930359
432873
931603
720980
621395
549036
923817
199467
461462
446236
602128
246584
606672
397980
380366
861740
546043
759076
532120
808868
042431
544947
051001
827856
416944
435429
241215
348651
483548
714147
556637
872135
372062
402010
814446
419003
112137
650915
684043
831872
503169
167527
671101
426529
909020
084735
511527
295014
461445
439653
543767
666763
579897
703107
948630
450006
614148
340256
957000
528383
166499
631952
972839
591603
778013
391151
007210
535480
711520
885922
118873
726378
822936
009781
947989
912902
141420
621360
597174
416571
301388
534036
689182
234109
426490
156083
554776
115535
276430
855456
825455
129843
164399
999085
411942
747563
115240
967750
254155
150757
140988
813924
081603
584066
624268
434782
368515
450864
012483
438838
310704
553309
463617
884598
422267
596505
703385
155916
885999
573496
023958
765292
658824
402520
661986
018314
671835
198214
599946
323293
615162
852729
422405
723159
786258
213820
755809
764332
689022
384389
871464
335236
505789
756810
120263
849440
225433
575482
182418
276678
635130
887119
040901
977343
974575
490588
642550
328827
436559
474065
910684
931189
379496
081935
479938
032388
929106
851466
576065
099055
546804
578591
745912
568300
975254
337468
785946
623069
002233
666017
398841
096833
282055
621695
817025
163594
705587
628858
177176
072257
882487
585855
716400
035525
984925
703742
984114
174770
041796
258344
241584
403048
854678
191344
324043
785315
513562
078740
257829
664722
400829
004025
048243
141839
418237
150925
456346
662248
165780
942422
244442
500003
516414
341579
946573
188069
442115
564449
158042
647579
052367
009965
929005
773189
141924
228417
741460
008672
257721
679256
451047
170267
725415
698233
550026
038908
872181
140706
190792
575034
003796
690686
429883
756089
098199
345951
206609
488104
446604
993251
354862
170428
582232
448997
930274
826379
935791
010288
017849
856593
432456
834418
944908
758122
210924
717620
746269
134865
814549
142522
430155
274482
360085
192814
075049
208038
282390
568561
792005
479804
544151
525626
402312
416126
277711
250915
139094
548737
695550
146935
953781
587222
093948
125800
535246
173052
959094
925971
079798
708558
216276
453083
498425
308252
148672
835052
741973
947159
007676
937728
357814
959586
720101
304347
089020
325939
019135
818026
627175
407700
640797
299868
398899
605726
110131
417166
302640
867100
484189
285964
272022
679571
722259
604371
494685
640039
040106
479319
032195
901164
414521
323852
485459
787413
914438
225382
842147
759259
169882
612438
149410
014559
651250
325604
545289
371041
636097
879166
482542
328814
438087
438955
610090
616448
631211
689585
174467
291469
405842
749837
957135
579549
488046
902123
254968
765372
279523
591152
339028
037476
136103
028270
482032
641663
352619
234336
108703
385980
596800
992454
940669
459194
832958
442365
661169
593657
117016
115854
707090
693590
987068
249694
471089
356820
381384
978795
659140
736132
836854
280228
404342
791700
009817
535575
412298
818032
796952
652637
246200
010146
654506
755577
349386
412803
655364
349857
801562
491884
868190
917416
786126
464426
990556
078096
378392
831716
937079
147962
426836
808587
801528
906432
194826
714508
432025
556203
021228
444267
010519
373660
852629
466436
791264
397897
270861
516387
355608
950289
888181
859707
874335
412300
048815
