610566
069943
884546
622860
569816
346969
912436
208602
448247
126118
214669
588873
891667
715595
233194
150939
618396
898700
135855
657248
681190
119782
478138
511796
346701
655001
667729
939779
432006
434905
364511
583957
458054
121068
823514
785797
955552
279508
435253
669406
021243
645256
796133
513533
587959
914076
441332
961136
321556
636409
840571
651776
103602
295447
461167
156958
007505
732223
681643
136963
393370
708833
624590
072998
612351
211945
999857
264007
525551
419657
304476
005314
961987
230221
814385
474258
202242
722241
327620
456684
179722
930754
936141
059405
561672
814783
428454
792788
374006
050636
681021
975569
343978
833170
226377
857072
570608
578961
154641
739287
448181
077555
258968
720142
749185
221042
015881
040052
393067
848500
540968
164635
894588
066178
600073
793334
932983
804325
643616
037644
735695
152586
742049
262237
329148
727002
236165
177339
740388
852051
908030
377523
621984
085266
519042
061574
251929
450984
862670
883604
018222
182783
261249
716054
710175
981705
742503
429001
942940
247312
355868
727485
741962
843319
755935
538569
653187
848992
546641
735323
427322
987982
828916
280414
715618
067383
074184
418154
862515
235239
144018
315298
866341
243497
459683
148876
548649
033192
598830
238468
687037
529970
479812
967597
063363
194266
388378
128413
516986
161655
078141
417019
406976
648806
806083
927564
394542
450161
581152
781423
709443
495758
267698
175712
441247
896098
579544
442582
829766
476026
327111
903034
810177
816722
928021
002419
949859
993698
451097
284708
697548
452979
109244
102153
474552
969170
373871
892868
242233
876282
003728
750863
816374
236853
518165
383927
477305
443800
413290
003191
209361
421746
115151
013932
646661
565271
886829
462237
156036
546993
480190
413449
970798
007282
196481
303268
572314
739078
649555
040002
483077
541956
603765
051171
374999
907478
600656
351711
504972
031633
527668
148911
873438
994920
102422
038276
849429
279139
505512
626341
768222
051045
547979
116545
702645
194025
374423
798079
304921
428300
240124
615289
162502
017292
154053
027644
043305
798709
276881
905839
270968
083038
373591
720936
234219
493440
136620
142803
863133
484122
577687
191107
397632
112859
125411
591826
576058
085373
146134
849639
928957
124047
598938
868798
763446
482379
710431
780988
359929
833531
359042
512164
300150
104296
501920
894152
427318
901321
641825
523546
822565
840104
395612
388639
960574
925604
319655
576936
418649
065489
850056
764250
247459
646354
832099
259131
055266
565446
178216
369440
906226
201569
649481
080072
254211
843554
039564
693091
964429
621156
756524
057463
644789
402603
702911
669064
202254
973545
702840
158546
348685
556529
562195
336954
394201
782255
389633
405151
351381
945428
025179
112015
401678
603255
672447
442208
185127
545550
238726
423564
971805
151449
403971
366810
608120
602359
252487
732491
067930
542911
510716
811796
264830
133007
267024
360711
061936
830977
639882
026262
975937
815894
497544
607268
824550
434024
718507
725940
524714
195904
249584
707448
564210
055782
518885
655808
965669
832732
873069
552118
519308
065821
319384
409092
490195
495138
213038
013963
685463
382642
398129
609171
324046
839316
203552
458921
680701
142218
645545
491659
330458
558612
482309
596355
019867
156215
839533
982384
443552
715010
315146
987316
236946
408116
697431
058253
682222
865027
601052
398591
780362
121228
911570
833687
151401
240779
533566
167195
130037
658774
788803
254591
965181
039405
762337
768472
690310
311464
296459
058482
690510
281758
370541
711816
727367
478379
854158
635021
206466
875157
190425
156106
883933
558269
577494
329960
103834
398190
344842
404049
904265
874115
078457
499146
619623
136932
586365
243401
585441
415464
950926
341213
157836
317608
974636
756329
975023
902719
325045
697913
179067
377751
940901
474174
304823
304566
883572
139311
619270
387691
877822
268151
802727
688871
445799
067900
936590
754864
744380
353879
884045
276125
290100
212650
917176
391141
939944
234120
426474
582074
089520
583404
827082
485386
161682
864526
772026
857786
588027
242194
625366
865895
073062
059852
089476
011493
185001
929644
934210
075633
422408
606101
618950
057773
346608
233785
096138
289702
428649
966436
777509
619724
675959
836187
727759
053532
735751
889480
524793
291598
586238
476635
177188
731682
586056
678043
614849
584991
663758
057663
197398
079761
178172
963244
212502
527940
298098
347558
295496
694448
819229
816218
732751
836760
612917
028807
767182
344008
962739
769609
301649
401792
180420
973639
009808
611130
149483
645630
576905
390576
591381
475140
358824
250346
910895
928777
354927
903449
021626
255357
216392
634148
816279
921954
857601
845445
320198
052033
745919
941084
987905
223814
877377
132637
828183
994535
120627
317175
678113
593023
384680
092763
697986
891592
232430
877460
352427
072366
977595
942190
018627
898627
827253
336639
549525
701108
668856
025685
206435
067842
779609
862976
985232
063885
916457
700563
219922
269994
395865
261993
729645
937854
344824
503761
856608
389519
278915
390820
646840
835865
800633
550179
447281
806509
877382
723536
869941
125729
893581
034208
242937
779189
742793
703894
721488
199011
410139
858911
871327
848570
072672
590084
472740
002699
043722
304100
476843
178655
314317
034751
440479
519086
594099
065108
463027
203049
728840
355216
052105
353830
013480
707091
515459
575086
571021
941067
641186
791062
272733
013454
623612
708750
727415
062779
965650
103835
592999
409113
363232
891632
141305
716103
294164
642249
805592
349249
307559
426955
974102
853154
637395
369013
266940
343317
717377
339740
644172
766165
158767
663975
516770
431114
528046
778075
461230
108846
349219
835515
486477
059459
746337
653357
834446
157258
329819
300516
936123
703823
632556
515053
277635
395282
418108
519091
726642
735371
173548
677869
177932
454866
068786
285526
273841
507818
892425
620423
900385
967135
607083
294031
802394
853738
729135
132999
651777
627394
467965
896531
159675
445688
219889
696968
120079
058454
665139
415575
815892
732594
349843
980995
147200
876078
308633
239153
308077
109553
159172
668848
942792
058326
734233
159833
995163
448581
349494
734237
944916
333760
409861
514463
123590
807264
200771
248271
513384
371280
440605
788141
968180
643778
320636
234373
212593
392339
023270
230940
965764
756396
070781
483732
580150
069474
593242
686693
370493
318227
024435
722216
146066
414395
514834
923986
774613
677984
481607
092135
538276
641390
244244
069471
735238
829344
382231
519984
032210
740690
113059
238206
919212
837919
585368
407935
371787
618762
610190
733787
441933
151623
734505
616115
801938
088449
621064
467659
142396
268392
240758
907983
130918
383915
751711
072365
442736
895061
943111
381567
965535
338107
107727
635244
040043
627252
991438
024147
720511
700505
512783
768047
191779
960024
071938
717496
777755
730076
691312
013591
433092
946205
584892
946003
419057
667117
137515
667914
406600
555462
857006
906077
470986
756683
375702
893890
218029
605320
317750
906723
761632
625257
152296
199548
