477959
344518
552513
799506
616912
882110
484932
653304
269190
582999
837707
147550
063843
312745
430186
231908
859750
501290
820736
876267
729473
745981
349724
016425
542418
706291
527719
689995
825421
377733
688046
832743
061516
389971
907432
333669
828995
899995
639421
897239
698501
250180
131424
227208
455770
170903
231063
111708
695539
621837
612585
714384
197952
444380
266323
246859
907502
797483
435085
934092
880047
616478
943513
746387
593107
126961
823706
671037
542252
305717
429822
529732
881935
925207
621908
823114
029084
344418
416709
046871
243985
565099
615272
033876
685090
971086
683820
473900
301947
334464
364940
387752
439640
540536
888564
981700
851404
663466
458548
399833
240784
066741
888219
124683
154455
626707
599371
303168
929006
064234
082271
578506
163801
419864
064940
545300
005394
099695
945807
170060
660915
389238
224656
055731
422990
012715
985303
164312
932434
881560
551701
348930
511686
580445
160095
711725
245232
380655
587412
584154
748620
976904
781344
617284
421216
384943
507974
068776
157487
765302
301322
222418
026241
842557
464975
338598
341407
946637
429251
975918
007326
531140
252262
325183
740839
167638
910103
596757
653454
110098
924556
096874
520810
647700
441146
464410
483453
771706
538753
180913
800272
771558
173799
086479
085711
042954
882051
128419
016052
558987
139270
129115
936177
653758
787825
964127
761169
304342
252859
757644
877262
430944
818518
959445
160394
511855
343202
753872
913950
568293
214330
108015
045913
343834
105748
386556
210132
410311
501175
499654
198387
710325
254218
372861
192129
884417
247518
687442
201014
550750
803341
921318
396344
776031
937207
135456
627045
730738
354304
979661
202452
712328
405598
167737
443554
322188
147624
272453
915159
992611
240569
494377
327570
054417
993049
497865
296817
497331
333744
337885
168599
495414
845134
978426
915962
446051
981848
772537
066899
769702
689667
094573
508518
010551
843720
967798
262555
973578
337095
508154
236433
187341
809424
065600
388476
249845
077049
381135
543561
218134
045719
777253
028740
061328
997151
856747
976469
339702
230354
414755
333707
969101
918534
648900
018420
343297
672948
931322
271468
898585
337810
093994
584222
061968
346831
018237
214763
317282
716681
765524
985852
019130
350879
737105
666888
077964
382966
622684
481627
708211
938824
462609
213703
530335
869513
285662
492255
936959
698733
912234
938017
520579
133543
513420
367381
249269
002152
183815
585810
562652
225543
594203
927377
439171
541714
285290
875638
284379
301410
142535
109461
568595
648550
222918
647219
301194
383924
381987
474489
295456
392006
268523
750108
772460
385548
999564
750055
470956
516417
153003
714514
447218
564516
917029
956062
578887
227193
003105
908233
312928
216220
039115
592151
532963
422259
562086
362632
797610
812178
968733
462692
221700
304816
731966
056325
440394
340678
332639
495972
710629
271638
041305
123817
497872
859076
239401
799822
512589
345529
192141
970753
525363
310553
151039
203621
634379
844317
046620
398765
440244
611889
421545
555043
117156
209061
025957
648928
021707
262970
889527
730228
714937
305104
584388
040213
320118
082193
983443
488953
031265
855730
025752
357071
028808
535782
576249
521206
584909
993671
858857
963349
000063
612067
358326
872647
887069
532616
829527
259275
651879
747045
996384
752778
682438
510734
644946
621138
125994
002678
588457
740777
579591
806934
533742
369747
316383
540276
048453
485702
316994
789624
995949
034468
168485
013876
408963
054720
846263
084429
650451
001782
345134
583361
179349
005471
047364
559596
626847
088095
567212
420089
930482
334776
624311
052360
774358
145174
628286
121826
749300
961697
817414
094842
457417
678966
043657
281457
297094
877896
376181
990774
966480
206830
610400
670576
125247
195610
586012
197311
212816
153955
188774
836358
061383
446273
651039
659315
122839
804239
920173
768239
913063
143553
440563
361385
468544
230438
218534
902983
234521
687417
521278
170177
915750
645823
025120
351935
619806
509718
808242
730624
540501
713830
909885
262990
310817
162557
609075
914177
476768
540677
129638
721470
113996
785603
242486
567810
132088
353529
150736
860491
329664
956649
651099
841169
992323
839054
338757
614350
229139
499509
238729
214532
345407
776186
321709
119895
013161
158155
962734
661942
529015
244801
634098
222922
502725
797717
380460
362157
221616
989041
555201
270450
329704
719498
817244
710435
889682
642282
672645
340000
728660
243076
678465
321962
094630
199978
338008
499332
750403
489758
293744
477829
333094
873600
816176
773558
236864
045969
690606
078617
408923
493978
185465
609313
869465
509549
478658
320121
684055
547261
113556
336903
059474
206952
006183
693238
064425
407915
359849
110115
227264
286255
737228
438170
031375
143119
784205
553026
347895
132123
982367
531302
620566
025871
878409
028523
696179
636580
307520
151763
139216
633431
446801
730816
015192
810387
754129
515898
772455
771481
097216
830576
195046
839901
571655
409297
546359
746517
271763
267882
091014
431415
603446
469349
977169
518629
231584
490660
665508
984164
784976
314040
377872
408830
490942
573202
073018
610279
553236
700274
982079
645865
047005
046331
122526
399120
668348
573134
292215
204348
973055
367509
146934
068915
215985
791185
659892
235280
215978
538766
936581
577997
403587
811228
985095
535207
858961
047538
990266
087553
542259
274447
794525
476466
543422
472444
829189
663436
110278
999239
621004
274761
010954
725628
917728
658174
889232
133296
475912
554743
720763
326377
682023
525199
998734
398955
520141
111449
245812
433334
251975
171472
766778
171420
588730
613015
853782
571644
534651
710392
240340
939184
189516
252955
465225
722615
288892
533754
898181
431348
695660
571702
652004
688972
672590
454779
937566
314313
037683
252215
380947
598773
726466
460086
855734
509841
077024
829824
334134
925376
584282
570465
701457
865461
187699
652726
568013
537092
814760
364214
043459
521493
196233
500420
668510
085707
969237
592608
628065
824356
374791
506147
244498
927332
822289
798795
767216
918227
335725
998009
597037
282016
240517
382610
803122
697899
715246
369121
691923
923909
709682
914381
992884
332945
192416
615531
875464
533907
097803
642480
925173
401888
567855
123675
116707
073957
248594
822556
517947
544736
829074
950137
311735
743622
921860
805838
968281
180212
762263
818284
899942
073055
513478
923742
089418
659611
396391
864196
108659
765060
786665
467243
728668
508117
934719
589590
610474
808006
973044
479857
275908
318718
461933
326711
062304
296286
152018
657507
434177
837945
108587
184375
235738
292175
947206
352983
992963
460310
036550
381121
370671
655704
997641
549677
553823
400818
160089
702692
411644
509398
255813
170714
297732
217906
499475
153347
834743
807788
702239
473774
744023
798010
203900
801066
069104
574099
654479
332234
418142
524057
918369
477258
937732
436445
886230
502270
399957
385314
364749
622132
760652
443681
555676
288931
509331
998186
193868
637669
879556
540095
430239
006560
525926
401730
405318
017619
059936
231706
595351
