849689
547503
267570
833176
752692
060888
954819
623870
835120
456272
294437
646508
873572
702499
076010
072029
048770
000757
122331
909798
973964
488075
109832
017254
514280
508960
010848
436614
586552
847448
125347
775108
173256
913432
696918
649459
058525
892587
937781
335772
748440
835053
546810
760880
773880
184756
037399
748182
633099
679759
713262
983745
590078
801033
138611
363355
722026
586880
298774
209530
126250
849107
018301
233188
741508
251922
364528
073050
548283
955602
434478
540917
658720
612524
568299
991867
901320
967987
538987
916429
183452
435007
726243
204800
313574
124496
041617
387421
646899
293172
686807
981875
604527
555226
196034
174861
541412
225780
834409
478478
244235
006931
873670
434972
868556
625392
366653
458589
594037
829325
299326
815235
760319
266373
410229
943827
442779
213475
680072
123045
572363
560719
384080
004471
625090
043826
664179
407991
873364
582965
094694
419843
883579
132544
155513
055569
174720
015494
315528
304943
973056
373430
083564
521250
030901
817895
809835
030260
222226
746278
824561
254122
795686
910391
507743
288272
841676
038683
211492
448907
958620
263873
832019
641242
217696
722030
540063
360203
455301
082258
358834
356051
544243
837738
447872
902370
594892
034239
303038
635738
255679
639273
039897
550696
764197
486921
437717
982914
644573
539717
385530
749492
599481
320177
344982
619912
270836
414380
931209
093469
105064
606655
473663
141693
752182
807570
549675
837070
528413
815043
932825
009805
440626
582403
492838
724415
344102
142558
736347
616466
368204
911873
610868
402284
558993
273030
587223
796899
111070
885660
494699
493026
320966
038477
580195
459025
507754
889697
456612
072901
887305
560001
810197
412839
117560
463957
056569
354934
015472
273301
003904
594043
910803
328939
307346
948856
514284
663072
854205
655688
429585
666367
983675
218245
932001
845143
810426
437352
482181
425470
600539
915289
435884
204830
348537
610773
915026
017667
364696
408344
743212
074513
505906
171957
463822
601220
300522
343470
996527
433015
518423
570340
603682
154992
135426
409097
171634
142287
638024
658261
150932
300083
142196
964916
025771
439980
288905
331899
806558
802631
766099
753520
042512
432305
158500
993143
995603
166942
057440
950443
035581
727694
627261
729898
628463
031004
415360
345491
449529
383357
889210
595625
137216
826115
927359
558886
453124
117532
310602
479999
326152
973503
006211
907131
622362
028026
980767
347946
079961
577696
087883
565656
699433
659970
320925
007806
835203
099200
567982
084306
498061
693578
252656
407183
970016
174804
033933
355741
784654
629553
968874
116958
642669
064694
451862
069689
915005
736641
513248
440864
624565
680639
178128
621670
864642
789031
866294
449875
436900
649735
553912
684887
594772
978649
998739
057293
676068
907761
210334
624251
035630
334758
735205
800168
967353
283533
470973
501628
169723
634087
259817
672856
052684
075036
780327
006648
130372
703652
332846
761962
403450
366019
571852
896457
679792
215647
152796
334448
554615
461211
043875
681500
348831
498236
440841
982300
953222
873662
943692
607569
058361
006879
409518
513664
614340
208731
818007
087845
703936
865514
609678
083481
584781
834316
078086
558094
716125
520861
138746
981628
691061
942179
855707
570744
669862
820722
520073
181947
299564
898445
723055
209830
455126
183249
418211
442206
867240
121098
807277
522906
575061
254597
819236
418526
086166
029839
425445
786752
393964
698642
560578
289339
179173
080173
141989
238101
196691
512740
839643
847038
794309
885445
061556
360125
267618
637526
295994
066924
424512
929002
350855
856087
995517
383017
423696
965942
337208
563025
475218
851433
709062
065286
629279
464494
665599
273699
622286
410747
430774
871475
508603
368515
924054
518284
477179
929948
477976
575579
742078
296110
074773
397173
910507
797517
322385
474921
745002
548079
092545
218417
319641
494198
112936
212418
483055
938762
776467
590483
319531
799285
491447
275727
061599
777094
004671
617989
273135
390272
067332
414963
436326
440591
463658
265548
921914
711267
715018
513442
575656
860248
369536
243920
814000
816841
740077
815411
266078
268596
382482
192041
282657
074394
069898
885351
799622
985228
507425
587194
762432
178774
834863
461059
031593
038258
406740
540740
882776
224462
821553
172768
068228
620372
074050
907245
152253
071847
647342
411599
781186
114481
546556
025856
452344
852519
723376
260042
798858
116393
242893
409939
811232
611311
422043
771235
731612
104449
452256
492230
375107
934500
733754
960335
012351
055399
987952
261297
470498
259973
256275
370066
398382
063848
235477
085040
935794
726663
856632
400407
053260
384441
812782
498786
666075
111519
840678
517421
994406
508868
454730
448999
099086
889987
486882
948111
279443
647224
268016
837908
735699
439007
294016
795007
476441
072982
531731
050803
043326
664633
790894
378232
541832
460795
368993
590143
859485
209088
221535
690035
493405
737384
334470
523627
288791
844930
517532
661940
672037
254851
242761
359499
243402
960897
453739
174465
784672
652291
788366
726353
175036
964607
107303
801915
612177
042795
172699
659847
649677
697274
613528
573251
364556
502127
140774
311254
177948
784678
634541
059838
873243
128830
084313
596860
116104
414051
623835
647333
285912
616612
443029
984193
393064
284516
373546
077754
986146
681210
345877
115384
644317
741374
570419
782800
967139
429266
918386
948302
945298
228298
141156
409307
912849
806578
408281
433205
415515
285283
706960
809340
115951
383437
548558
667515
720750
420845
003445
873773
535379
809798
823136
172475
248796
366156
690924
721563
790388
934246
915941
980232
044464
831473
342390
834361
920553
367360
414804
566196
282442
548973
708142
370135
303160
132652
724764
837819
007890
333721
678225
005327
462643
168816
494287
817330
447916
988336
127739
702114
982285
518960
398176
575433
176029
040564
220368
026122
809363
269194
842889
297801
574992
759157
150289
532342
700273
903389
558233
361712
986911
399338
156670
933186
811400
882651
913338
856052
021436
311083
422488
794133
551291
522687
031563
471865
478033
244378
861349
746380
585988
624114
446904
491358
189123
418043
064832
390211
216984
235196
512336
260214
881686
905559
608474
061104
731898
040881
980944
037855
415291
363061
315222
020707
853373
722262
704813
914897
030657
484471
493718
717027
347817
998987
089314
964995
728599
456422
763096
476296
723894
167867
225444
779119
044080
308134
346663
200452
798150
911867
700796
293009
097305
693308
562087
737944
452052
156825
092831
015918
311572
246009
393885
762970
484542
520896
409913
078703
651486
063209
635107
832000
185881
749877
083834
820457
778048
178231
059295
744443
402860
180246
831683
079877
850789
530505
591061
364100
660476
381293
976722
047399
034905
129113
189384
156191
199478
439003
763903
354314
409707
374654
281865
000625
889115
848605
376887
106227
637572
015775
943055
087681
652831
786607
433812
812898
353468
113079
151548
226594
304828
524750
887393
566947
893064
562662
642631
943052
078450
630959
821476
015616
907153
301115
