104510
774731
911329
947055
322169
276660
511590
690415
733807
637885
093211
071252
126317
789220
477917
229241
368270
953636
167554
647482
462747
407905
451950
923341
831735
573025
821901
948287
588411
464347
138130
792305
146064
824530
286686
482379
740215
089902
254896
187307
367094
027991
916947
157747
067623
831695
907073
001238
169739
096864
915331
105194
628940
690672
509676
708479
919040
089198
469491
482098
842265
559351
612176
095943
349494
213273
960083
290492
309825
885335
632792
834252
208573
922916
278316
590387
174766
775699
764422
170241
609242
438772
650685
806184
106674
817999
663177
844762
267261
294844
363294
212727
238930
856243
023050
413947
095784
400787
075780
697459
422430
994379
759946
924921
834211
868967
424553
565757
452374
042890
590296
888885
432900
812084
050455
968019
359612
320018
309350
203098
777508
938276
673219
340801
805556
273458
632823
939570
374004
293267
111574
589335
507233
725387
157971
142731
354644
040361
832657
186871
986571
888344
310561
364017
828474
852756
093745
799342
299050
513715
826693
554870
246017
888331
760541
413916
449716
867157
414825
771917
790518
819424
974966
052038
919838
737408
174449
309226
175334
120981
727109
432207
066050
517328
838983
514548
336635
816749
925585
535999
074262
672883
084861
127540
155970
955839
500429
529167
022817
379412
119115
023146
017949
999631
333204
708202
482351
869432
582463
715657
021094
088933
199637
403248
348399
859926
618548
071266
250137
813126
987740
706627
688862
469249
393391
641632
034740
162597
527175
305355
239953
738450
405696
754419
185488
882903
586168
590617
966670
399629
546827
742679
845667
171591
668208
530493
331497
054394
137453
666098
845241
172492
487118
360532
521036
970940
865742
720986
936637
849042
234492
269253
632392
655355
985628
144580
810513
033022
403698
700410
374725
584284
494098
114368
184623
899874
526301
402896
232162
286617
153380
827250
829020
685516
454201
728414
425955
883023
549296
431851
626175
261931
633847
495460
880463
384980
211543
297793
988616
885296
579972
431983
349049
013613
008654
472895
577710
466521
648067
572567
008289
576260
874333
873844
928031
147687
558437
371274
698521
768917
413734
283651
132997
135601
270484
450551
429891
732540
464327
825536
982249
567664
424330
898465
594728
393696
590496
886145
830284
482556
350668
744796
110254
252106
378252
275940
745271
302223
208882
412329
658410
960307
585754
202865
294219
712957
746498
748904
206611
500546
893819
356377
823560
312732
429213
709127
549991
106224
973967
534960
387534
198769
207999
745698
027414
135459
261217
128668
946133
363812
535078
892636
724762
588335
578135
247059
683049
449046
717490
188262
910106
484238
176723
806585
287169
491514
104223
819172
165784
788678
846868
784836
580848
561177
474944
171485
609342
498779
326284
307444
650342
310080
471965
079287
151808
180224
429046
195561
312435
877957
339563
614817
029080
671254
044993
816908
005700
006774
165894
608272
669858
428466
771771
445811
208883
311498
223359
155142
603560
112735
373373
456480
374806
435788
708220
056177
862494
685982
113071
096486
162794
644662
471741
594399
605039
798191
027644
836421
010187
677450
934851
917488
274074
596128
548024
396602
395318
198644
441391
833039
951947
946539
376831
491745
259844
320371
985383
201081
848577
452675
924605
590937
997857
250053
501753
522411
235085
553063
254331
108186
967170
652209
438079
616584
256492
218739
884773
518760
174376
230203
602262
137864
758780
569799
298253
152041
325329
041422
515141
408850
714681
508574
925261
156663
496325
062337
016232
568742
407677
967714
769154
282678
933334
752466
036405
344376
530717
152156
914186
470828
261310
094032
064949
313995
087289
058674
271901
638017
580643
136863
158016
987116
272875
665233
954027
687079
449188
282678
283660
920606
897356
722005
993681
555621
785485
039513
838756
425082
855508
960125
808203
669083
200279
870993
140880
300860
382758
350511
937101
297702
280280
428595
670306
302661
285132
674881
366945
895225
326125
249598
378296
639958
499970
152085
042953
915146
598121
773031
929440
112434
379657
145113
412415
947387
124918
884973
803541
573922
680829
698464
519917
280764
947189
786101
885145
317120
829934
267299
599099
596465
986380
068509
609975
890862
263527
735517
105381
521733
930174
836778
225088
656139
656748
211876
746966
401249
589258
510337
990764
969680
992925
584650
906613
678752
374200
124538
595876
801210
231922
124307
318941
325335
674161
841905
690535
496001
393779
385348
498237
630310
574859
904009
192583
708161
787698
952195
937187
978089
433353
908124
427828
147329
531137
284786
004493
966748
787216
868796
774484
677511
216237
004348
907038
467879
783272
676929
262088
453046
462467
181187
593683
732906
162392
996015
359261
753250
106673
664523
525234
704807
145545
110810
882251
038748
062962
419842
326195
187724
485217
320532
177881
182544
309520
841179
091728
865883
196793
820470
534814
561042
246846
470715
788854
737357
595581
230571
309082
420304
692486
668490
915082
187203
070087
067433
544975
070949
625038
728146
728899
500106
956250
581473
262880
930279
361005
015017
670903
679049
927893
813467
032058
251868
956728
146131
189311
328049
724538
388081
883890
151009
417605
029101
526436
052456
031917
075698
829686
505911
482163
688623
618685
502097
610085
242430
415459
164167
642632
127263
717427
639513
089546
160379
016050
827489
109820
877560
955784
132637
731074
482352
571880
588046
265200
852192
435168
326499
699611
580281
308956
733206
160211
663271
520893
473003
958676
348147
555341
121224
404065
334890
459392
816338
442379
894419
261262
392292
976311
598668
630858
795088
752856
498742
823309
163142
146672
067763
046732
643326
844965
390405
912221
958643
734184
566770
226070
751337
579665
260932
776127
036070
393953
083764
982131
044787
615717
008790
699677
117607
434637
447756
889908
242826
335532
221953
632495
834716
269433
425968
048404
996624
101541
913858
704887
798025
548139
137829
092175
884136
083340
657050
908678
287388
276094
067475
667725
830616
361478
085066
550543
579062
423374
908752
624555
781567
731139
902363
372674
428894
454594
577035
079198
710693
829089
448101
983707
788995
428222
894348
767064
525647
840300
674708
409167
622580
200904
523432
163269
983933
950850
435581
817513
116227
953449
472608
126344
636865
150561
657978
277020
024534
564292
966028
846409
971865
929391
755827
702889
271835
387773
158140
963209
829183
920071
492143
178056
937494
636455
783608
581697
529758
355876
023182
446682
375297
675659
201197
880023
610652
124504
888067
954942
120763
824154
874038
377755
309760
655734
599517
551041
463250
285715
604744
432152
600202
921450
532189
355911
194972
144735
237922
717425
439847
988134
494855
491370
164635
831283
796128
977302
022600
851038
940967
701667
668235
664463
768525
250637
543594
847125
425395
986986
130617
276737
388654
028012
647095
016711
223669
717420
729886
698899
032613
515992
785777
894217
791769
604318
552925
683991
143389
076482
136629
153653
970517
793189
834421
608928
868219
287428
824848
