992131
871934
837914
270611
775289
861609
960214
369831
467142
166933
787883
298945
801168
238254
157666
261419
456171
777313
363335
958938
859159
976008
908655
912909
545838
969455
286464
013720
068410
812670
558017
828210
783650
455087
668935
943124
330222
767567
608504
811879
898129
472634
206359
723543
100212
353890
162357
475921
591150
231698
423213
252919
228279
116186
267818
548278
848074
833376
426332
266371
887862
723193
389179
764078
641096
788704
011624
365162
993013
647754
118912
291899
152567
993843
956066
462926
951501
836379
254805
251227
697444
906711
298975
813039
893053
694454
386218
342400
240676
615408
781382
894074
596891
674556
765869
960511
852036
928596
544747
189342
412192
641528
439510
121381
650395
199720
007311
506500
614882
023901
088793
192896
082288
868062
957591
171594
610473
050105
111983
466346
445910
753350
039793
363967
081059
566663
765571
056993
227770
461746
190279
759671
710046
988339
486610
786498
218340
869048
822750
176277
476233
329315
653078
767727
222816
421793
217075
049246
880992
120604
250949
334746
893144
660468
395973
510461
939654
450590
999165
315006
890865
436049
488009
238648
836227
655637
351823
685295
694108
280934
612932
859231
933062
917651
118688
083779
788881
212965
593840
097851
060786
389177
604737
832115
131497
428274
782877
310366
044654
135308
947036
935794
769915
211307
333904
779506
916657
205823
626284
179742
269474
247825
222456
739959
720376
384441
456994
015007
396425
084458
529253
711376
794625
188316
716672
145075
564612
595835
304413
357454
321912
093370
373503
422476
210745
885883
440419
017694
397612
079817
013019
428303
363233
139628
754686
727376
582812
773270
278012
218206
257959
080684
880109
881313
152521
791605
662147
151885
979083
630366
642767
825503
176951
526828
564430
803656
088936
385565
437968
583196
232591
914757
968682
395906
527697
351586
399565
788010
873383
607603
547351
408314
945677
544959
005089
847989
090846
014605
914471
431328
749003
349722
844322
062835
118075
024120
560457
775452
993807
037039
564568
895504
250000
636817
149994
016149
259614
753546
635996
221681
514206
062235
159771
346679
423048
462302
925352
513411
003807
782272
960776
009621
887656
094575
708846
694534
578285
145945
245492
652914
944020
704966
017620
131610
789379
839356
895874
631291
141964
794901
453120
357175
046046
905759
098832
496151
119228
770430
538766
820081
057018
112022
109979
462072
606800
158311
362620
259561
501844
873854
991208
304769
375057
050766
328375
559072
049655
910190
155691
494321
289565
680809
236635
643915
103591
966350
043506
900201
948673
280156
688763
588419
952696
977312
357817
052960
198661
896999
808481
738792
725922
407565
915977
037305
502953
171216
477380
533156
479534
977142
077415
115703
334941
362856
574390
312337
258442
832545
178527
030552
932810
629924
652491
742148
941058
048227
767045
559336
530531
107999
470390
259904
079071
421682
086910
844000
980419
991128
616750
615852
216209
074112
052097
408650
383224
592817
141257
200940
523885
002636
608331
263429
208729
364741
032192
809586
096166
919120
319767
772064
284724
653775
242286
266171
537161
047215
308571
049541
838050
319060
560659
926574
833154
900826
137654
892658
873929
511725
851510
367369
112768
965582
510547
590256
746496
246085
811168
530164
167948
198821
817517
126297
557599
984492
756119
885607
099581
204512
370250
275222
878896
994404
566173
929438
425110
571854
649796
731234
133003
712448
433398
569408
715664
517224
194929
513087
211415
707399
370558
021039
962785
594694
045754
564590
103436
549387
761325
139930
760747
467891
314809
016598
240619
189213
800974
783484
866111
906047
492512
267353
600755
664381
772023
127862
582386
582248
663831
512455
974473
928300
121067
673678
573980
288609
366375
952881
028562
671130
491649
199373
436238
867177
921732
700504
374346
797428
877124
441030
695643
576245
342713
898114
019272
826915
431289
793606
097125
253739
351792
074000
308137
672719
243691
250615
105607
711776
662144
811271
988640
989388
761863
624181
472598
302008
998941
754782
547791
630951
938038
463139
838308
643786
974541
238180
776123
480798
812115
235211
569116
290064
110170
347887
651204
869980
553786
999696
566268
155886
773745
871902
526346
666837
526602
445999
219405
851776
577278
964097
984188
875669
104358
140583
222931
627760
210736
536753
760630
621788
083259
913866
220361
548326
739589
990431
428974
888281
927522
056393
825396
502721
812319
952283
136089
524511
376561
943785
651458
134524
103929
059031
005022
742002
489356
430777
317980
648255
597500
651472
031600
127065
863067
499801
290572
864372
689129
834116
276869
707532
265862
969316
037529
564528
207084
045547
083323
974244
675864
494506
243460
741137
470239
776164
429068
170756
841329
856462
551798
141511
228673
325890
540012
983272
076119
508412
314990
302712
542707
771943
172304
962547
149906
518566
382541
294644
138744
104424
018249
228606
952421
637152
894751
769107
990598
192655
792373
054481
575150
519040
821500
476651
182297
247199
981674
281188
579690
046738
944029
202454
184688
219934
190370
895301
545483
700138
826033
471482
845286
983689
695931
867239
622355
549357
644546
705719
103795
242689
613422
966257
000291
638041
364996
393058
171072
994640
291758
018152
207217
211088
164213
222026
231431
991572
440252
103231
390780
180923
360572
634390
425187
214723
269652
262692
833781
276261
251650
720761
444231
671973
323384
238400
525821
990416
697532
375011
134127
963144
778450
259410
819382
377638
815245
744403
551560
103600
252745
675853
272277
443276
277047
005393
696694
138612
688429
897106
249753
522009
299706
843245
940289
995662
683498
198071
027183
756061
360005
040272
896132
463898
345499
042336
964527
356869
022689
007038
608682
120787
159839
398789
211605
300316
083162
555569
842692
249980
256713
904217
269890
624652
610434
538540
693111
612133
059390
814485
364143
351760
365893
877179
577351
697284
940768
362196
466877
696575
621064
458514
428041
752968
916942
603188
384737
455675
968602
292590
802372
158793
524409
011846
491026
826779
581551
694140
510917
029363
182890
877839
095399
946183
217892
485553
396087
350012
046971
311583
656755
554590
607492
935621
195693
991651
572997
189557
738428
556823
131775
130857
552307
381129
792556
210420
996554
161913
465423
119969
322541
050540
981072
989488
958095
186774
000612
616960
909401
840736
655549
727223
395686
988714
004076
230667
816775
723530
651319
202770
339834
700707
400666
163896
055948
720694
626368
668398
767017
895487
126661
349073
933243
659392
916713
456320
860691
184595
194845
248241
814495
613396
071741
460944
293105
713683
299520
283608
235587
734333
568155
666673
708432
457170
384296
051032
837402
620213
619455
089504
273337
386377
934437
461585
117327
277367
174814
554362
072069
778047
586758
505806
766792
858956
049604
321269
683335
283205
108885
291809
541786
694073
457969
678043
511012
494495
599783
884822
800382
667876
471014
099601
752218
729558
536033
025536
300468
923468
064909
780777
278599
338414
234437
999756
672921
278301
