107361
306374
574982
811734
087259
057918
321998
439106
531524
575308
925844
605620
932717
558609
863237
459927
564114
796434
142620
749625
972456
707246
684999
041361
339805
171817
970760
297142
691937
516184
761632
104574
762524
990205
619867
256299
205068
310724
422178
391927
497764
484580
164827
181333
258929
692153
393356
497053
048303
590456
769157
584085
892549
597029
845787
237902
285000
147665
175407
509351
587773
625090
010855
881254
951814
856633
651437
868642
204323
714965
300629
736141
184501
068075
957264
135755
009094
830116
173291
519103
839258
914653
949624
300722
398905
479346
501404
747716
676012
210689
080849
592821
570607
442573
021042
458455
414387
583665
108339
579826
832840
908089
581413
204216
302255
439692
641997
238624
680926
681588
357424
136273
434213
790038
517027
786820
727089
986170
253484
949775
764073
192662
109640
466905
569863
268380
732085
904681
693694
209003
746617
444570
153240
636682
580407
928030
589304
701768
362926
537498
466331
308046
395673
334340
236054
699282
012870
560200
936180
453610
614858
940940
593456
493053
596937
798449
620540
370514
722049
266359
736103
404508
761860
145532
006172
016769
665433
959094
302985
252654
697168
411979
227752
386483
094874
233469
693355
699968
060693
814342
307921
643285
637812
503572
599973
054465
042568
357833
093033
265667
235799
943226
822359
095895
215207
275093
372608
707744
898586
011611
613246
324366
505470
777608
885483
095045
019785
837672
540403
410505
778177
288462
182847
672074
720280
274893
073102
790458
220613
659007
635390
958345
775764
930291
155100
671072
604132
057974
005927
755069
452016
488386
339816
596801
687742
138865
622030
735642
093763
747591
980988
279161
383509
179158
602111
356243
945591
487257
635048
637382
134036
695045
745144
180075
565274
220309
005548
425745
120704
197967
254557
592342
591205
374671
025763
054808
225533
592954
847343
896526
240615
250453
529389
594124
454877
255991
555956
559590
113563
453253
816564
691338
325497
193306
286134
837302
426680
019605
398250
077467
580739
886132
040933
775005
656739
367870
588662
036820
856077
875541
265317
832157
530422
924660
317289
610208
323206
276124
802481
835263
574948
114148
341472
273857
295648
216796
041774
384934
166684
766688
701764
807773
412082
368193
436952
573993
498085
281825
160447
114157
995660
386852
755911
737664
933173
835828
303314
384246
618314
087260
203105
173734
560142
715172
232520
679679
919637
943558
569804
680932
757038
136444
069924
321145
625967
281523
933845
381952
038263
802984
761500
229024
811491
291951
406269
286547
777428
627298
730786
874579
901197
580773
627574
024966
110100
497354
086387
830205
620703
696376
714972
942372
965201
578904
323738
649608
745750
715055
524673
824774
502319
365230
540371
333797
823109
419574
702495
659415
047216
147871
632543
919872
599426
282138
144578
765724
609002
566612
050081
956500
910527
026843
527416
609938
881836
182533
719868
728894
137484
063610
827493
586529
549283
923447
641126
558338
053432
576877
187594
654695
172779
843777
649357
733692
281150
931592
193960
606477
827907
821240
425687
393179
214131
705630
704904
276090
852232
339369
469358
334330
373577
136417
365938
037666
647244
194235
092461
265020
080646
383012
715274
392317
173767
298826
760690
701132
658073
804526
566820
564306
302092
391936
796791
953334
985871
354597
204192
701989
786788
636759
732111
966180
494174
936003
724586
664438
763321
433263
419350
542425
210055
370022
676707
225070
821278
332037
620249
359604
106031
249585
381386
083621
409797
398493
572579
812914
090474
985567
967801
664273
319175
192956
413482
146154
921179
846867
335570
701021
549238
131576
810955
922605
923162
057204
569343
923261
703694
696351
348746
818103
026953
228369
425360
480965
230447
334733
835324
572213
715045
791327
143895
539235
023762
964702
671652
019812
522299
250855
979724
755887
981651
207975
292479
988426
922527
019827
492910
305107
035837
813211
710718
372853
844933
668410
280677
964851
962217
672869
586871
911647
191213
455632
474789
087062
313650
081376
964311
075003
030242
233774
372744
593917
920918
242070
052919
029091
113618
055376
234397
742168
307172
327317
779245
939565
261387
101049
375768
127827
585847
044660
631676
827510
889368
153385
143143
517025
771121
799948
752739
897405
904581
852113
316997
886939
083311
508675
015042
990151
310609
127312
711109
150509
703271
927613
375690
972781
803910
962129
322160
763066
982323
655173
812570
195496
081233
633537
708086
229925
658801
892040
028810
111869
688051
496347
042891
158472
398576
419866
031063
781340
283282
302866
608191
033869
398155
495729
252734
201729
085601
520813
261944
493473
750038
615473
645715
168680
365622
593488
983653
436771
305571
663718
558420
309644
677739
284466
783945
085570
165889
343252
828708
893464
194932
722956
541434
646199
143733
370496
397803
699879
146588
039307
766526
469066
290509
353069
941674
158144
898700
088223
402819
221189
106791
786132
547414
942369
840836
697207
816854
210127
678739
388436
156232
790632
758287
845463
587674
267810
057099
097365
022455
298383
354626
603626
468746
158269
113127
701664
458430
360116
407714
604179
744483
521321
108881
025051
713774
005255
802498
483776
524186
296515
875466
220477
288476
563627
197211
798447
294157
471760
718804
699837
575280
178127
366651
340265
159169
047068
630677
456292
128776
219340
229291
321227
853161
367657
279695
491241
912921
441544
882682
296782
125859
903988
029715
997299
316111
139955
385391
129523
015784
613271
100752
520673
453736
199339
223391
635163
606163
402512
984129
206208
326823
273158
326175
082828
530826
821160
403130
660434
932909
292272
101936
500458
449677
791624
387681
935414
670303
825806
341331
562644
827251
024492
531267
898383
219459
178954
968220
082857
015930
758511
794783
233964
798019
709992
920623
494174
605067
582373
440564
406133
661251
247320
093889
784140
237413
090985
524205
706905
416442
647405
270422
774552
399006
864843
990232
663804
585656
370793
490463
938514
420974
226421
844195
251915
606694
134304
505989
632817
285452
494161
839350
948967
682275
306342
016368
516493
419074
874312
963692
263512
312897
589740
658051
346084
890328
386385
767005
609691
035839
625901
038767
588811
223298
106488
736692
948417
840521
161975
853815
100994
809960
287894
216418
345735
593981
300464
157753
020733
182989
606049
739439
235503
000508
401743
916667
526578
456603
751504
687524
662962
752722
950458
303100
649108
953337
740998
638779
978290
794544
683115
479537
334012
655045
381551
599442
667479
175259
970213
557394
144147
684118
485024
551360
569065
973030
646177
630412
338165
267909
646208
681182
793021
512086
116741
678005
331937
340597
396784
820428
035506
372517
643791
158032
350407
578704
803321
384412
377674
689244
554321
660449
677808
350219
198467
463026
484756
923534
471198
732967
852289
837197
983836
244515
680896
238997
594517
176280
350053
421372
121526
702396
214257
869366
388791
805794
400572
599997
736311
787199
035350
355468
421686
123858
660799
915721
685997
491242
313442
