676745
605710
270299
738728
567355
325703
579396
758784
560395
448176
861489
015655
627656
694497
267740
194379
205272
638195
916767
250226
906138
007320
716428
118444
536191
879068
662339
728463
578100
595094
267710
654751
624711
100494
544535
952305
392868
705020
067386
712251
552549
511478
472139
627645
218600
968352
767351
647394
609951
642774
591687
762894
014932
239601
121375
542636
517831
672229
802315
938859
325822
026103
042219
440033
630558
026839
692447
784634
352673
448893
584093
407147
034295
856584
525934
386080
941423
764616
598903
170660
404351
015359
504075
408056
004960
788735
886448
192353
149749
944273
117284
748949
321397
206064
324815
304275
609143
796057
278982
290884
156268
816638
401341
385742
220350
418099
026374
715003
993171
508853
903416
875081
644751
806828
517950
602071
547210
467863
126531
616534
882344
537531
657836
940409
482696
058075
833843
481371
691729
781942
373968
968446
386321
261457
123237
941901
000789
524516
490900
402457
915342
280761
199209
381494
653676
211948
665548
266135
220529
830756
622269
203328
962727
671906
153426
124182
499235
152273
764235
536747
404358
087324
060886
108990
372400
881261
362038
697257
005878
878506
802551
458536
387752
001373
791046
544513
642338
379872
707576
975989
123208
435505
388839
356739
536028
043286
333057
294343
932643
210789
024443
321372
571080
901946
569787
661531
515592
293275
889080
357407
905829
545421
800370
834410
219736
876583
670489
288216
260326
092589
477478
313563
943440
888562
134732
011688
184792
070788
600687
104513
173181
342296
722606
811764
606417
128962
859249
838141
107621
669826
837748
384389
828476
139107
260227
187831
198745
098745
274724
908089
926138
901947
217833
152239
557889
791332
972006
336867
642343
849334
627657
140894
001510
717224
148969
217296
527613
667804
290549
704472
457919
940953
881936
153279
883896
515198
947422
585289
211420
594325
929287
775849
426422
040969
303346
186944
332690
261340
273580
336705
642794
837141
822616
612680
726700
659100
636760
145493
008365
783292
959069
342217
138224
938839
796839
531574
509704
879081
014179
346508
424816
729607
336440
816481
624075
323709
824171
449755
855024
988323
231676
389101
704553
595655
177604
941932
236186
168039
687031
276992
362942
210141
933099
597609
608643
373787
663554
892888
247012
409206
718169
691170
721049
742396
789432
594986
287389
144873
302374
319485
557598
919722
488103
229699
446262
667990
553447
697436
852805
020325
256336
141423
307748
730155
387621
008043
453043
582986
482475
594161
345253
456584
598621
333569
033862
251021
856072
096924
966427
855142
731051
095941
871084
640345
079096
636578
897680
258010
816544
170445
699391
581394
816188
570272
724979
668093
039726
523544
584680
074614
250386
350997
106229
111983
389118
546082
557530
644849
313972
157302
331691
784160
521763
189377
811336
356595
731334
985790
518371
266747
900417
864518
900604
202157
119616
423962
015709
114505
136444
231939
809146
444908
164182
280848
131062
379549
578297
599606
038577
481834
952540
809873
167300
534955
559168
606558
901500
893055
300541
476633
277912
381276
502060
421641
998309
457573
450711
705891
135005
995099
434129
391630
968421
715536
286380
570557
635317
791466
274879
066075
807026
080014
910336
433989
074811
023109
570939
752355
649789
163401
360740
440726
732059
794996
961086
411025
894886
557568
126576
984526
095295
277388
799199
787430
242826
257206
652533
391795
315319
096666
157864
045212
891546
515304
209965
686871
609047
936896
097498
771375
672030
547677
185345
232799
281170
628973
791370
004493
751822
978537
289097
933272
696299
501084
746131
078219
995463
198330
466211
350215
118607
062233
182398
410858
375776
814762
440593
510608
489687
422066
343546
310569
462141
390366
944980
537635
717659
256730
320730
031076
354537
838428
897895
571112
741714
042064
510073
716690
213416
513056
546251
840909
330863
789050
802020
768797
511075
318101
821770
208254
496317
526056
816203
796786
355889
447045
378960
756765
666066
723841
206277
716904
883293
892296
290984
724196
422234
526651
203896
121483
068835
609189
386432
081430
870701
813353
526021
441765
797139
822085
071275
127242
869594
039045
620268
521783
821336
730919
981381
958998
955519
137039
787995
293498
643389
409215
964351
236401
017404
890667
736383
958748
470907
072865
730314
743261
269327
698785
894522
803782
350149
507621
116867
236355
529685
385996
849767
719780
976589
833456
470481
143073
016976
285557
567908
618570
470775
526009
115263
766815
423130
914796
608263
255787
453229
328409
640699
505160
616300
758649
989381
827787
828368
317293
699168
740431
701972
089911
062325
014879
319134
664143
844434
470688
094042
874295
002181
382765
795294
036344
582592
152825
580692
813080
725430
531710
406440
287589
305567
213111
718915
671913
889939
334839
892525
484637
218950
132326
233981
968619
370295
361065
283398
398962
521160
165570
166083
519274
094706
601501
101392
552010
949630
408892
634937
228971
061000
662605
764074
099176
503829
122019
765341
615267
638137
057154
211715
892582
320926
239768
468687
733785
004687
133693
792600
803096
619096
184819
639356
400489
297330
474473
359750
056969
264334
207224
488853
333942
380662
521133
110451
317556
915328
638665
994741
498682
470870
545084
563417
622159
873325
556279
782155
220551
538422
379804
629626
480648
319260
164834
932780
395307
224546
591136
605948
290893
979959
346673
413511
237415
526473
012146
089853
975296
636905
591695
926742
318597
601179
979950
793180
427795
341153
162801
270268
125562
652998
665006
324685
793714
111027
691994
152263
442513
534371
955970
745644
972301
317296
356654
066565
693468
056943
229486
482610
507994
039033
839967
689985
647223
798222
063069
108482
623384
043906
216971
692023
662601
077012
846369
493279
889067
469225
316133
813883
810634
786595
045117
534276
748471
754056
585802
605470
541816
041536
851428
613404
842144
277747
947897
345165
420174
860299
998421
431247
265150
510009
605648
301818
055742
884492
874457
565904
919738
121173
943685
069482
651318
864946
505419
699512
665879
164204
168283
630476
584628
386521
367279
366460
577237
055561
169812
529341
025638
879392
593976
931829
542485
091980
018268
762677
275293
060865
312917
641014
750409
998543
074223
414978
044842
589292
454492
521900
894185
378330
919822
922166
444146
375456
730338
355465
557067
009061
435348
480984
608819
564630
515904
169977
728354
476769
988226
536995
332283
360105
160757
103092
100923
349955
414682
482925
786192
825360
600366
368536
985988
024321
282750
735486
200655
523654
712505
090900
647326
485154
635453
152680
666811
229060
900270
060626
870229
187534
449246
390832
869753
969490
234765
253276
620739
873186
125374
661245
055004
364256
213401
239289
936537
730774
733425
350206
481939
738027
201889
051322
505303
723845
236247
267092
915591
417685
206574
884262
574652
396748
970689
597008
857113
810210
441139
397340
757255
184142
822142
563217
334060
501742
172416
316361
596728
279463
811876
180132
245873
095846
741901
306818
084912
539619
852089
