218365
012280
031328
436962
940237
952435
442029
115815
530200
429881
412582
558577
931874
809848
490279
421063
619765
226066
761767
332442
448244
795906
325723
693599
848193
626430
623883
667548
015950
004050
917348
422054
325588
999932
118530
721068
456322
727431
317568
506736
244510
681665
681496
794795
087130
811309
781894
940521
809467
283810
467622
951873
634200
364073
887387
232601
005351
617817
672011
552354
415180
337136
703562
450280
145737
206912
493245
549270
756167
814361
189524
277509
712029
980533
772466
919360
997651
098591
493322
567274
983646
961058
947510
331582
234670
686622
643713
098761
736590
837102
060532
559991
879548
323008
881451
913790
862363
765364
134292
317801
838541
774711
864610
668082
593530
722348
320536
774150
267677
947466
687303
010300
149235
917139
032388
000390
658171
854951
682208
623325
031613
371523
038046
922007
244533
429636
298175
654234
409963
450551
626569
599677
546294
384111
279861
312031
234321
660976
014304
722497
800847
391893
162764
559935
212603
982505
767143
881812
870029
048615
304627
658683
491883
517384
816867
504776
845270
258957
097070
363735
157053
287960
822469
231446
882528
096527
263834
834078
172142
199431
791462
514338
618373
342880
421560
559378
972067
984693
396504
628880
934584
010071
227515
517505
058649
679819
422752
171503
638430
793178
932618
765707
825421
656815
827626
758878
052030
760887
799452
926232
879403
118197
776887
471070
630812
259732
201581
335103
950302
107702
237906
242707
212761
414999
549505
095221
638897
884959
994142
428706
953980
665963
672715
009696
161600
108692
281767
031633
035602
701286
880633
364510
634808
689151
174181
973603
980400
524105
877170
416005
415380
649264
566223
075799
254573
097486
323961
321153
344926
146560
074622
351612
445882
351894
874636
356971
329394
797207
641961
769389
758005
179240
380113
637618
066416
391398
106170
248984
758674
654194
912168
280956
828464
942563
785445
678846
931597
381229
061845
278835
304835
240498
836025
239535
830576
757071
827132
893891
454022
792412
741734
863920
141075
150312
252574
523333
100174
854256
480329
212096
402548
349028
516029
643936
519785
110207
408151
991272
772793
482256
402884
165066
815912
445493
677308
671521
075765
217453
597378
831588
233003
323966
780194
137684
372469
176955
111777
123131
698757
995714
511477
789043
878373
718983
933019
308256
831696
002962
102990
474910
994254
275525
953564
001528
626915
786668
215439
451019
622153
822585
920800
776318
388463
092752
610173
281190
309942
639464
909195
735566
876300
094695
164494
165971
965257
940051
263921
054349
347618
370352
901457
314742
383291
383421
963533
008668
922398
707064
241990
290542
572476
501768
077143
001055
268796
798441
579796
230316
714903
607259
632178
514560
373280
569517
952866
514123
503327
015921
225354
678466
019818
072340
683343
135998
952585
386408
562479
233988
450695
794947
510645
746855
349614
136216
162575
112866
565827
140712
706904
732131
519523
147653
785225
856419
098540
191290
889539
524639
172602
540221
607604
835198
179511
964394
147934
614488
133524
759558
840862
437678
359942
934186
470444
899350
651673
968203
071770
737673
989353
769954
978067
830461
147994
964393
284105
690843
808815
764015
493092
943152
159642
985620
267789
375504
704248
811977
879940
046914
573891
521744
542202
223949
326565
306639
746086
968566
859095
152664
820382
816901
274956
710795
791642
495408
538954
955953
908776
587243
127120
586609
390554
530124
565414
759065
058714
272396
280861
581816
554783
402092
465568
343898
645393
551780
634705
229512
722944
656307
839720
452456
029543
453730
264043
505526
565913
364356
881589
459970
568416
267198
493693
383836
551976
904172
347111
542179
891081
972587
850217
396807
947384
839023
135374
734658
989045
877111
153802
440214
461213
250320
441689
991996
298159
614388
816577
869825
600072
611521
760129
482405
524449
313583
934783
962253
904798
071484
829925
032074
831670
287757
747304
499842
519525
465572
409926
553408
679355
919176
060926
231700
150037
234250
038507
280628
784974
331507
842980
358030
761438
905792
119108
719250
015604
948108
544626
157091
673237
608415
543954
688162
692180
332857
592504
165333
625746
711555
447492
080979
148477
699107
247627
933870
748791
371289
843220
897209
317378
790078
236674
391306
715010
784623
672016
731953
144723
516366
251694
467336
823680
445442
852972
710975
492066
115793
572556
975014
716349
041989
048470
537572
191954
629867
725616
568434
606094
281944
763781
962508
056323
526954
540372
229204
443668
325076
768456
508283
835484
888042
257145
023771
312853
747336
261689
026013
692396
617574
794152
671297
398139
585409
811224
648617
804108
386921
926839
760378
945968
332765
950059
769027
973001
939218
966542
357237
588982
610389
705314
937141
042677
607504
845479
937349
190324
902513
790006
380046
723407
652495
906915
055013
565028
401570
667898
252119
161434
493313
899350
394669
954270
715686
173860
565130
598351
580450
912941
597576
551340
294939
485868
905788
294830
032229
547464
438272
881905
987362
557069
870725
073475
111662
863852
929560
048848
454127
842189
317942
451614
674499
995935
628360
323216
441987
229336
364605
946648
002273
767652
338903
239245
132519
491841
107723
343523
442940
016537
917750
360751
806161
025333
449058
819869
679127
634063
801890
384137
266792
812408
837466
284308
410378
061641
609457
915080
747335
440435
709134
542074
328170
786717
570006
257382
629668
062235
374962
064181
849772
127449
948784
235659
276571
342278
841037
853647
569958
118873
774122
099938
435344
407296
751719
068179
442614
227679
560153
092919
859439
353363
267461
083749
406377
499333
504176
146025
015484
128218
107463
862452
672264
895316
853882
907127
306991
112620
356951
226890
479500
334391
559171
061787
056662
625529
747986
285301
189984
948572
139355
101756
781962
784729
365044
123913
507752
895634
238198
049342
354993
171969
236314
014463
859275
657986
096865
566185
475133
707123
430583
241413
347465
704408
267773
138441
177863
606056
382109
938540
430985
661442
916554
757267
608559
307006
848254
605612
466173
025552
917032
830993
879633
619359
941283
079667
851960
649853
265194
643352
133534
895258
608401
394668
014685
428226
211675
313834
036919
655277
604922
521545
142697
811313
251304
755137
450686
869302
092323
835153
864099
011235
552598
976220
372279
237181
912580
402249
038501
252808
392198
255877
705015
766807
282155
379360
502098
249176
056284
166264
144448
719923
028129
995305
757082
576690
838997
343162
776841
472136
938049
900691
115183
108019
408142
952561
441805
466321
381141
981446
001275
231485
287479
379552
289038
308039
095609
551963
733462
791830
976662
490422
089667
610939
961704
332493
317654
313485
989736
930694
528028
503650
652300
755333
134921
877225
669113
638926
295483
951568
538388
464828
600216
669909
827357
634089
592394
823377
083837
678697
445784
040389
362921
133661
333194
144581
572087
155013
184404
860500
444869
329870
602984
251126
934941
168406
665762
847161
233300
980799
233506
345269
965987
540566
783534
