370804
738880
565527
170668
755185
254537
707329
296402
291175
405367
345581
348111
679029
841162
555905
070136
270623
181965
765652
499978
573511
751062
584157
702460
152444
507135
826428
475467
615387
228338
217425
196477
196199
417328
401341
146895
578409
919761
094446
241479
952649
371480
016885
995987
411356
331708
313873
768705
719415
532572
683180
700495
407029
718932
466441
880757
790648
558350
158379
865325
983498
242714
954797
828571
768394
231376
610944
955291
507860
343253
975962
478692
645542
596421
293592
096015
044428
927733
638289
595718
673737
877442
142075
091297
641604
641299
083496
201172
685557
915750
612491
854163
607649
320643
895611
991627
299199
745841
224856
206428
759323
575534
407441
441795
153601
424734
827867
639800
206142
724207
726536
860693
828875
889121
147228
874769
221533
824890
743446
742422
818671
716412
126730
298961
416611
458698
551132
804516
750620
115892
333032
897677
073752
267010
620650
078753
515940
144549
492540
210785
621237
408501
136958
037847
359875
949594
162000
493644
752431
823004
630803
558082
713802
217012
945125
810550
947395
291419
355893
381553
018948
329073
839763
608342
957561
802614
745378
167666
073920
662757
845207
515162
781258
110581
054293
222081
784534
143189
791551
807006
143412
037874
287843
650914
059260
881503
141362
996528
590466
908122
255101
281462
882453
132734
834277
272726
899315
065502
455149
335282
265876
229856
408877
131879
591880
542009
940142
785185
028606
045175
415930
772147
691742
938732
706057
776541
488420
831399
377924
065062
229466
541594
535760
270350
924590
920912
597785
821638
628323
914573
974533
615441
892071
920342
022185
145062
214785
645346
824039
769189
242693
731359
638399
823697
269369
387315
184862
572622
752380
307225
853720
969301
915034
366337
474600
373330
698407
541412
513641
799484
400646
010996
199964
649822
440628
524850
415955
049890
421947
039634
279503
198874
363796
417035
279092
629204
571747
978040
662437
237493
921031
482870
025809
629773
612214
257961
022772
088674
175972
129871
122212
586392
824001
238270
364795
905578
676293
623085
417143
751665
640507
444613
177263
036898
061245
063667
600140
295183
493596
770985
968809
173444
581268
448891
338411
486994
237302
588835
010801
157784
336267
665926
390104
157476
160477
916846
889386
432421
239005
841541
311976
674340
869291
340333
678915
879938
193378
381951
907961
582238
610634
803198
282441
272636
639176
120006
283226
136611
235212
246237
129353
273303
570534
658292
602790
298973
444269
796268
536346
734487
234425
242758
434166
964138
660039
360483
027810
371657
495370
043302
764251
934267
537264
203626
036305
680540
176615
470369
107058
144483
031603
617130
380242
985110
657097
915262
174729
945508
702357
249819
366800
399234
182797
288942
599173
726715
222650
083242
161277
074235
337181
621301
840430
156153
143160
431413
982326
168065
563239
370919
260457
953836
554642
432571
747910
558218
374241
635910
965137
786777
980106
280821
452124
196163
417102
066828
314800
138868
751233
427347
810928
851834
293826
166551
039898
652047
460719
216726
462693
218696
444472
612182
291436
671635
013851
074617
613421
875302
206705
005872
474246
004689
108928
351903
353330
771821
903022
674188
466994
991850
938793
871931
410847
800596
464569
615510
568740
782268
284226
811217
782684
852160
318585
485990
265027
455059
144471
104902
475536
740214
799045
504271
006253
186803
918257
976654
770257
250794
513515
846279
107484
514558
353096
919001
709839
570260
920616
443223
919331
240168
863177
779442
317736
547790
835817
583946
495943
201386
447121
957024
851751
079033
962308
340028
269995
526274
253956
180281
914133
869197
869632
303815
048301
169048
264057
304559
147737
152844
034909
605821
740708
854563
662853
524622
978625
802035
337012
170619
131012
568584
331125
266039
840931
255365
290871
939448
006192
597005
123125
517297
292156
420813
086276
150439
071081
535022
407006
620077
969467
480116
821459
345539
823166
307410
060876
213979
849625
819136
360849
680317
793916
046299
265764
189476
424430
639099
631612
045797
514108
347110
413865
514332
443535
854513
672719
273617
029436
441452
140596
516500
884919
311348
902607
004295
583903
964317
674560
085859
526580
781619
806962
180335
835873
434700
138710
935927
066163
088411
585947
126121
548091
729731
640755
103388
505122
303618
646147
802069
204001
960194
572963
199717
927793
021555
126365
548941
889870
687778
345800
854973
947274
133843
488097
464131
860698
786503
692357
097375
046453
084822
446721
651080
567597
056596
069958
337135
640176
367170
000276
427242
026992
881934
507557
788371
971516
962295
691925
196064
852548
602182
913158
297841
856715
196065
431125
643022
419776
382814
834316
522215
673665
150181
686001
818150
012515
317189
399369
330270
200485
202821
919802
486562
959162
009926
352660
589720
629878
691941
287295
078197
983133
427738
192220
191307
266314
982730
319018
620280
300480
290345
763518
130087
959081
346103
529562
418280
993769
245843
133047
149978
267304
629413
373683
338289
039824
044562
824082
644761
396179
326172
882002
328068
010030
583767
972817
636516
267763
213162
138662
943390
392127
438751
845058
852851
512841
576126
600945
947371
428744
028462
955670
795797
369503
027102
965894
377929
704669
013274
238818
277947
757614
574917
251393
332300
952381
591533
528834
262798
481590
022737
348252
661061
597151
801960
730437
651703
018092
432425
412752
922411
426584
151066
021334
426380
065179
849503
715815
391598
836447
247384
234710
840233
092130
353345
455260
852877
643171
554841
166026
613397
290663
907496
123088
590139
192005
070051
338844
881158
367493
559540
710116
481810
115999
288761
450603
136118
431254
531157
894408
669684
969461
318129
368376
927277
072350
091714
010043
502790
006265
194030
544784
467523
021219
569338
082515
418611
524380
643099
997800
118554
364702
596397
144467
527236
344634
385459
107041
321767
094454
691891
395955
849478
905283
073241
651557
059737
185474
966811
546013
799896
400899
512420
200816
152792
473077
806111
933053
721327
887973
013829
509370
341935
436483
612768
252794
337772
781746
942606
880757
760610
141326
053531
293679
891550
515147
004491
471571
043126
553294
996466
940434
390314
798637
740852
092274
379438
706453
846216
553545
239244
199454
609516
490562
744683
506603
139863
938097
585224
396694
655375
771621
418239
838308
087409
761353
275034
410458
768568
087888
199706
763644
011681
043429
051526
921557
848544
226880
065195
673209
014531
114913
663703
035344
501110
578871
570444
056737
186367
538733
294336
473296
222430
602476
013965
610292
183100
082732
310090
296644
821928
889436
435868
376116
044658
827056
104936
312450
664103
918334
416624
937983
772567
526163
911497
612834
999758
847078
503595
766843
214715
959659
285131
641524
885193
899395
561589
057457
675972
208879
760545
450536
402238
218898
238348
062051
836967
318497
175047
108680
064605
572931
328821
368787
437445
492115
787765
841048
301832
703599
915888
563211
768372
376412
734386
086831
492645
756306
445777
507241
869665
