576704
502296
932771
887106
618829
108716
082154
601002
760193
307273
501667
724221
269925
173386
356552
573435
570019
236323
385286
641005
019411
584697
666715
207800
057829
252632
518484
878579
984863
333349
060249
926895
354667
090153
267681
990233
486142
124528
169202
778714
682599
894540
612615
084817
631928
455369
965273
522701
327636
360319
872178
586834
811702
605268
018815
217173
755631
182366
986085
685410
424013
465983
541053
291242
691749
829760
774992
017364
171814
369738
838734
254871
903796
960344
528013
430463
234074
215890
016599
734918
149200
000727
364232
764654
709086
143505
208500
107695
424800
742235
448325
214917
716327
912963
969584
782620
970544
024903
291222
365380
874799
553980
478521
133139
620109
728773
639001
505163
768907
190590
559564
625516
895683
353324
185517
371593
636130
942395
865170
379523
663576
794614
165656
664839
519962
396489
700542
898189
332278
822803
252762
387091
295403
014256
512407
986924
536237
020017
515935
334096
102367
868374
250818
904851
408424
041622
470062
286184
404289
731604
654509
734890
079382
042670
534945
630236
748777
444228
419672
599394
660617
972241
032665
155256
834245
447947
173871
258796
364973
386013
321833
984343
849260
653877
409799
314394
141038
228567
053028
439730
272292
954479
195622
136561
190082
401635
300390
206830
683827
725393
896617
516277
439670
142253
154873
979159
452082
744436
009576
893723
493007
780313
589546
521292
053279
270950
592861
960997
026475
957326
100598
212718
942800
164387
350434
470518
046275
590507
849707
028509
366250
897281
846247
738102
420327
808587
082287
447597
066087
350971
599289
946716
994961
415600
026121
883120
892518
645952
809044
360356
283852
488380
851367
249005
294375
531075
499686
316657
754185
603304
986856
503825
606510
296116
840990
403237
070877
765510
054465
588973
709966
056999
880863
601192
205519
669164
097174
325365
395800
526183
641291
205087
071772
195445
959915
985236
781027
300216
527142
552105
061855
061326
676008
960807
279914
538651
714230
282017
234818
909043
980870
625624
187345
118038
303083
969490
485991
302425
024176
372063
598466
913130
242214
380484
079007
478571
212029
166384
537643
489408
814049
756629
787258
455230
512281
483262
438065
504867
603762
855719
103447
205617
099173
914556
863522
763610
821492
277800
017470
327049
825675
723554
865971
780996
402807
338045
488734
271467
781891
797635
284065
001471
675224
295441
773839
633990
488359
282285
543683
835052
280514
663652
174863
786069
134035
975662
506558
524303
674650
149022
441008
336937
982554
484130
733576
480518
488508
890958
491619
173726
410967
407766
546336
933942
424481
824629
350222
010752
277313
985249
564205
753952
793705
534875
999023
687893
659074
322113
445641
611710
088624
588051
669557
712058
196550
706694
238402
772219
046953
033619
809190
585282
678100
478181
144136
354415
085102
040058
517943
469358
802704
210239
442652
796001
415699
148190
959803
072935
112658
505055
409657
832335
706436
946376
485694
913201
869433
044688
062950
831187
632382
499123
162555
708243
633822
629408
907931
255786
100460
319846
187487
605338
273736
499439
473118
995063
838737
448418
131135
053037
152656
498238
405742
898992
428150
313661
968005
041136
159970
220134
398388
305300
528433
749571
946211
993349
910384
886441
380161
740252
083257
124313
972923
548249
253719
774306
126005
835505
993852
195339
239131
788501
505925
890127
393205
966815
527433
300676
250029
133615
737100
319866
644611
038173
368863
014476
518072
092251
267679
264634
260576
250163
224132
337181
201628
815968
352974
917135
234415
587542
882155
543649
195472
159488
388363
250442
693585
827611
872369
214952
027418
736581
062822
291488
678654
275607
661243
018782
295080
694327
721849
323842
797447
202868
382433
787404
008798
669174
455140
734114
699685
763425
800050
657614
328681
512562
670366
818655
563419
465935
918973
147958
974328
636469
636354
489276
880985
648390
216880
424179
385436
576093
544091
886073
395820
555971
215406
200290
245670
223903
137878
368471
083005
827547
101501
540097
371405
410710
503111
768318
563217
390100
221963
503274
293512
860705
433687
537180
476861
224450
297209
903876
531909
025927
673069
949745
770857
835314
026015
575969
140684
745411
357002
249086
289354
147499
616989
509690
373141
494550
013755
666925
157576
081841
119070
543233
776374
702065
492272
451536
447303
670111
148437
801635
071358
223807
986002
643728
247362
144058
181158
556183
396532
294312
693604
553933
416636
031417
585385
990321
487581
950996
720289
976602
353746
638453
200609
457723
909315
885176
108971
820207
722540
141531
913227
559955
807392
488999
618781
823421
616825
254422
952267
238373
154169
701859
103304
188780
185637
499036
120983
965837
759019
530635
864808
282243
830951
323816
349316
505368
620266
327668
636468
643089
233793
293852
735183
356354
855817
811220
512296
098578
685873
132200
257038
401437
076668
544731
678375
504982
746883
397415
394111
566863
943529
520063
518542
308548
949038
407611
988064
509266
521283
631923
518821
733841
499630
437504
481177
635542
991592
301329
440406
873550
666826
750982
077548
825791
132674
407697
807423
223675
977581
391555
418196
166167
620754
738589
601126
826787
370034
551292
083590
167052
404375
328560
889425
982511
358076
623867
385971
457105
954775
762583
534897
806248
654020
549662
795929
165250
555161
547976
890761
198195
125673
470394
222481
813824
712820
140088
960197
511634
390341
962734
594891
056864
361976
570769
819929
676149
206930
761002
616324
247180
047746
682062
833508
315226
611146
002432
970883
654832
586976
246465
101765
633619
366474
711742
095501
700496
844837
257917
218645
093081
246494
384032
821920
235674
951477
426135
700405
042943
802909
657394
413295
994804
998988
580067
801644
100795
340244
924859
349783
943856
825471
337575
290437
847413
732258
601001
765515
041182
158549
314878
537509
457920
129138
751955
876226
564374
936946
953235
470325
364446
169566
155436
246805
497201
231646
839817
163094
705540
338522
108629
223853
781578
861334
576055
939664
841769
626953
594327
659862
952592
609067
931430
255352
303764
971085
994733
690466
645644
714658
388779
217105
839430
184268
403330
197043
706890
775586
735393
589804
657717
339366
359947
235421
887599
297777
734019
944159
282615
791399
580342
006953
508286
967408
420960
434410
518410
069125
995614
951480
651406
294587
619928
974578
469083
184835
728733
525553
698054
701664
369529
598246
323382
311431
439157
795611
046962
008279
023741
722589
448633
121546
463173
668118
112205
796308
493127
678924
620415
447081
562006
290218
751167
026272
586818
850919
119245
341409
081375
911176
030604
492913
423678
895748
054538
764310
857037
463545
744932
288191
898565
725239
460718
877771
255263
117993
719584
211394
684632
774066
299657
270722
794015
278457
759391
020605
065716
335036
803388
275357
574452
595298
701580
976292
984212
129920
263228
280851
724431
099115
910092
483845
935944
181070
392066
174986
824267
934735
075146
329458
871302
266923
609511
538187
515400
431584
400770
