754243
480886
211738
095350
085467
758979
192573
096273
329089
272883
324159
574613
971905
901537
667453
867617
483919
313887
583071
334066
254492
539774
331270
208823
578131
968936
210503
524087
846658
016831
648401
870624
982358
454761
921744
822659
005210
410958
116116
801609
176871
323477
943761
290114
337215
330026
247981
555783
499121
874442
347606
507006
056668
708656
818600
875829
053313
871953
850833
090538
713568
742602
874356
036773
461234
265101
013083
570668
306005
287070
534113
429804
143323
160955
556484
603444
758695
292225
290417
419026
743659
186454
543491
110691
237000
425830
378292
902997
294345
714899
291025
052448
168306
964755
152915
549948
689769
295456
263953
944836
504630
600215
265040
576572
811777
535472
413336
344790
691844
157428
287927
191013
309285
019520
271138
063143
121500
102045
589880
173471
777725
614264
138766
108034
427390
032672
328018
780340
345591
659553
611368
366241
857383
325005
292138
668112
808386
945366
033662
215991
397729
723780
273270
432796
411749
341830
568135
226406
176966
336658
458362
126906
302454
005144
865306
562719
421789
439883
299705
907238
966882
662029
884073
499326
471594
040233
643478
094121
065764
464335
022465
423591
429330
447542
809535
621290
696322
512162
856434
039505
663311
724131
223645
308770
223642
421369
596484
006823
274802
486713
311996
997103
309007
717310
463590
337565
794953
716630
356213
885814
412428
423858
605224
802953
982253
246162
426171
083724
437583
390714
143926
275126
978632
090112
282330
933264
323147
009315
788188
080511
610195
887783
369290
552547
212576
029090
656809
722924
723711
353351
772559
420764
617964
603688
297455
135922
932538
850516
219702
077898
581290
879683
720076
754074
801784
111785
116006
544667
415805
115081
173532
849523
161077
578546
111983
597276
942976
140800
434315
399936
542358
213000
076428
743737
942380
593177
245956
787773
014146
358549
868280
999763
096050
764690
314194
264014
755876
605740
311615
772293
210611
197606
114640
472781
028218
808275
048801
888816
107920
224953
030400
029823
718369
533015
149215
926558
045422
362133
119225
851264
040423
073769
720772
206163
945453
846690
843933
522449
774557
779933
503059
686415
085161
339785
648495
536115
568037
400810
138398
103156
496667
146662
167870
237074
294785
549939
481199
181812
544504
525573
300822
875443
456580
993692
111387
378591
385558
839013
952223
473564
327994
983114
417705
734702
604354
283915
575424
744212
919965
733627
800933
639375
189820
764284
373704
230368
881497
099026
000745
909225
991428
101746
940319
184355
565153
916223
577718
949332
955195
551447
272554
525083
573085
660362
067734
354736
684612
845950
377044
533613
413686
899629
782360
368388
237858
374904
652400
513786
602336
214142
134838
154759
385079
436668
649422
557666
034923
212856
199579
369477
836869
580416
225733
041493
459410
877300
796229
154368
128449
640883
209475
456254
956573
142961
532355
869291
525416
676560
772421
358680
791312
166710
884729
365873
677375
450711
591579
926991
979868
253753
658678
526791
690696
041823
782923
900988
069593
990423
609461
485833
323163
284243
590122
288201
960235
583863
739417
141941
390905
795154
900236
319608
007336
079181
369941
015893
851750
624643
108373
666174
586681
517556
357987
636430
659712
721189
825804
141879
561035
229751
784043
205327
682326
924445
703053
328595
142777
341502
141773
688646
624464
793487
551319
969853
735367
667835
206171
437235
870857
746103
769449
007894
419634
403668
710833
687253
119041
150229
368448
885208
672573
889378
266490
355037
899971
770394
884961
136653
330421
570467
734235
138936
925857
429458
810280
571455
462592
878706
669013
434781
533657
128101
965329
448700
293406
457749
019465
441961
842771
367150
926915
859217
079810
072273
733728
874468
836564
042841
416269
734227
934582
053888
454237
801895
118544
293947
175501
343291
784889
305866
734561
072302
056567
205968
266844
002359
163393
786033
406125
829141
030998
334637
705224
670844
335203
028074
877592
152737
746354
028376
664051
919376
106461
184261
013307
834736
609708
115010
183158
521304
429230
696139
022511
890096
805733
085831
907618
769730
260465
883037
026692
160163
114121
149802
544688
373888
146154
159752
190120
856336
280829
527326
078462
737602
936379
204473
284440
712750
220390
221887
494113
798186
892331
422526
916408
893617
409972
222254
511285
850062
227756
966152
608093
400552
265881
162731
337862
625209
058627
703656
593190
695111
816501
498587
857682
427772
487791
562970
607542
165301
346835
632866
053430
486365
968772
270262
437895
411439
954907
883929
316616
824864
381378
582562
689233
918158
017097
051765
084531
170356
364124
799564
262336
089231
491663
376074
663921
829963
889875
788123
611012
204557
033144
406473
452302
553582
842185
952435
283161
237742
816135
495791
754379
086903
563080
037280
724948
424087
415825
059316
342145
331849
491269
192815
565302
933001
072424
146369
415961
642122
760210
073104
283989
217099
299926
151986
491078
273620
900691
611916
363801
846649
963006
669398
186190
373057
265519
994619
685696
636361
944306
727348
421670
537499
803898
950532
560337
277447
717847
819204
921861
670458
089174
182622
569990
192057
568219
890629
985903
630290
162059
301350
022499
093547
632319
646622
110168
195025
656019
890401
580964
116850
221884
847810
260328
576901
141997
032539
526488
909554
120869
337903
401109
852582
569744
629385
202675
025263
752481
471099
605319
378138
548833
098485
500462
668430
266277
492039
595035
278522
565362
437263
799002
728592
627864
975248
337051
996435
934823
280282
533716
755358
708659
343340
721954
633942
974990
060933
251430
119620
177007
131989
374421
598471
998716
592455
931986
586641
022044
283176
874679
624359
298531
334067
275494
716765
381620
991141
814439
753947
862999
091033
307438
770056
537626
819713
645155
289410
269326
967228
207997
007125
147873
583811
907476
994067
876101
554643
704312
912137
867423
860463
020401
053748
703777
317616
913044
504354
094153
292748
489135
256812
380381
739790
515928
431790
185928
612243
860069
935106
477262
891980
421746
000052
665040
344085
455421
457161
294676
458446
819428
437600
936369
057970
954755
437721
062312
957932
969333
446105
536999
552540
073008
505813
038460
785699
484153
021751
614432
047690
457602
216686
977436
340870
181652
253643
433759
121559
346979
783499
602009
647869
735173
291965
654296
702930
882552
853022
458131
238692
408448
750902
554737
173644
685989
168999
763272
056594
606719
206829
614239
298794
208938
006258
618828
234169
819875
250456
287644
701490
134002
036280
508540
560823
171095
055645
640728
856237
759716
819089
573099
824796
836141
346807
166247
913662
599860
136491
819258
023398
297230
070776
569485
233877
460183
011074
329722
800834
959159
021854
045318
691385
856591
168091
791576
589728
844394
452718
130723
316901
322021
163477
060961
301931
645971
013128
389421
881275
299213
546164
124647
351079
822827
324316
102435
068884
816884
540038
692793
982645
477689
443189
814005
318403
949769
833003
255127
888686
550062
117157
