476287
443472
779140
805291
304375
838939
115119
697571
966420
617144
875732
051674
878790
011277
247080
230390
565007
021683
133615
726060
818334
986760
634975
786941
616226
600526
304678
782649
953929
086893
237380
770745
553401
880356
633968
352299
300213
848539
793327
972825
012635
110875
229471
670581
215564
960111
445316
820739
898963
723821
588746
921386
729106
753464
601157
445243
386341
974725
262356
793953
516255
142792
841801
525725
098427
892000
223796
055730
610328
612898
724026
467404
377963
794842
708357
586942
202219
459234
816757
918813
510984
928212
471536
232621
700084
718513
866912
320367
305818
979859
738212
486422
651450
304873
468185
981165
895290
747635
379492
796997
692530
649070
716223
294199
290727
768219
690746
419473
715473
382523
203548
441988
552139
188319
375938
360898
136098
602997
650228
860781
753125
652626
426145
230993
750694
945990
404768
539126
688816
555299
334847
626548
513127
153358
962169
400619
899032
437593
033023
774117
153345
875856
437688
513596
416570
203670
504286
230880
586519
966382
225493
514981
400513
155979
339237
066199
842748
740443
965053
104299
985913
228502
519601
670023
113576
248494
710140
124764
276470
245122
770560
076190
333101
742712
807641
591010
652166
488061
019340
988491
654225
983990
264716
601240
100936
800149
706274
517827
841869
120287
449117
567396
040150
921471
523146
663449
494356
293905
066422
919180
206047
487770
866669
355437
689290
492970
298172
703794
452729
949219
022306
093908
140003
694773
806396
893310
854257
202608
336811
905470
363976
512651
282245
378789
930875
722217
545185
433888
348512
933563
279751
509596
581923
912702
903167
098929
287297
917076
010435
515748
692213
583357
444921
187111
398973
318232
942982
342156
688467
465476
298356
276907
490489
111013
954392
036689
680472
170701
495656
732151
416351
192618
624629
592064
146636
135204
137867
205159
434028
150872
185339
150048
014149
247174
129176
600257
582323
131479
852054
136677
102522
725788
925953
036777
429318
836836
342633
798604
159015
979732
283506
004971
466233
796546
777175
098451
176849
805598
513500
301015
870847
484508
140914
786268
993824
146534
063886
350125
737096
443474
666685
595515
664216
481333
260221
249885
751141
508669
556314
153577
220122
443372
211366
783768
328917
840522
451166
060241
630873
512152
490199
636714
290272
255996
532699
072147
515767
313396
834186
823428
891193
797158
822458
204076
576895
892467
158924
268231
159035
104851
104273
909276
137714
669805
063150
489603
417651
439431
321380
004408
808666
404093
064345
749078
625443
920130
838691
568885
649571
845182
416834
254080
875180
749924
751864
983436
510201
702672
773813
180861
035977
578767
486371
872894
628040
375774
815671
131303
218939
778091
319737
071610
479991
051773
614080
378641
725403
624667
614888
417165
433968
392643
459005
616586
928133
706249
927700
703055
320613
513610
814244
320155
654936
081226
737647
869357
764868
113422
816521
548142
230649
524753
927207
622512
480389
752244
838315
664898
268284
852025
502894
112661
790385
119949
605771
836553
327046
761016
953447
140831
284590
830386
530659
446566
295201
120313
938122
949261
598014
693007
979647
851499
459061
622866
078337
859151
235728
109285
952277
651705
730787
072189
770566
118278
033106
560943
155325
205165
284078
907274
838743
514093
057361
159541
200060
471388
245512
312369
172511
469603
522297
141959
241700
875212
858718
854226
876636
149895
888907
121542
016350
922565
146506
041803
787058
130938
583560
219596
538751
801068
808100
575285
446722
296222
926321
698318
060239
255807
253479
111760
886348
975870
812456
503433
743634
377526
954253
917218
207665
455533
849903
362528
483710
098449
900719
387002
808582
349100
084114
376688
775115
364830
021889
316677
759650
874481
289773
106182
237605
465971
688456
978483
642638
836465
223998
350045
617603
298018
409492
294983
392478
509292
372413
813150
751562
699722
839225
291478
839020
453736
925050
507448
086956
555178
045737
070460
747652
803220
585300
816486
310165
847166
609243
681872
580613
083715
260899
338322
913507
602956
855798
506635
574753
565336
972075
658928
997401
084918
507309
803779
950127
613775
578347
113728
230049
126965
928179
347841
450020
150875
732495
291207
290022
030581
786863
525709
500170
636614
367250
154150
236274
381952
566799
826147
121430
543811
019162
580333
032718
903858
106500
336468
963783
528895
908932
562155
011963
119702
749771
119528
365736
106873
749142
491206
878360
253053
066726
363415
283346
149723
957188
386403
031130
722969
500441
019294
262801
969683
766883
724659
512943
443963
424970
989670
363362
257315
677075
235264
920829
380229
786997
029226
446808
237903
891187
770817
494329
238249
835865
978877
799677
362722
641463
597547
345562
410127
834407
371109
027408
911283
425220
793471
928109
615524
578417
959093
204648
311085
266683
034353
171138
666068
193713
208149
074013
383715
753104
854472
944019
221753
316138
048191
775299
670932
763977
149050
079693
143106
668072
932608
178040
510935
629242
923887
442219
360802
848793
860855
990505
755688
617727
103566
116836
144150
850632
410829
260340
903627
799412
540044
881254
958925
925572
200925
814195
830357
554342
398325
078864
858019
988644
514812
686211
772266
609206
202748
609911
167153
209754
319102
048159
213272
137082
225229
891410
503476
429972
507759
761989
951251
931202
394658
720307
878915
282424
772671
157612
463623
300717
835248
118422
637907
541053
532211
544727
792330
865929
611084
127720
192777
399504
453960
310250
426375
444315
830766
797216
982734
903585
809909
424491
243853
638631
307862
172614
719077
087643
512653
834434
709789
890942
176072
106361
860035
680517
011792
213825
553681
722051
356434
719833
691365
669400
951740
830876
051525
729041
576034
381534
106900
900940
826715
300207
362162
153088
297779
722466
722487
156189
612348
251010
106717
769802
860949
399475
536811
855232
962776
943186
574690
578794
040766
411266
002945
931567
518225
904154
554710
692844
680083
124114
989876
672299
389038
027245
928656
010019
385268
989134
826993
249160
284426
362868
521370
713983
086761
304317
040134
693561
465008
094084
976364
924918
524358
263796
464395
180830
089986
757782
114234
645813
370297
818924
094372
058586
714074
956691
210797
035553
515730
880538
062431
306322
711438
633573
455508
080434
763800
980026
963256
421491
789731
394358
919738
172887
460417
398508
029014
828784
854140
822348
461912
715257
019167
395799
810314
151578
808830
897518
779643
118050
555963
041223
145569
851296
834621
443913
680437
976828
088706
854577
789464
374486
975500
839895
050159
074822
587219
975840
680217
827645
158101
632608
753131
583990
870079
544988
703556
660603
200635
717014
126779
753608
976770
322141
790199
372921
649722
881109
036091
160332
940632
120191
524113
689564
033765
424425
092420
605568
017977
080725
338400
151988
969174
533465
335652
715364
759995
439065
776627
123820
187962
445813
294217
648145
864696
499777
964512
412257
193923
692872
714700
269046
364500
229518
391257
142086
311343
414990
714141
