126492
410626
277577
394926
694574
303857
744753
929430
248394
076245
912622
197367
078685
617856
572794
667873
958620
159224
069201
015043
480552
790371
044052
016199
372031
947001
654470
612156
450945
052972
963863
165793
990992
406078
581684
677410
613349
850801
720175
909433
495199
954712
066674
764954
297977
249871
101109
696752
561321
223637
544556
613438
956912
632320
818561
676929
684115
540238
271465
122177
857388
228868
054036
228142
612056
296982
295686
685571
962573
262667
107586
049489
515353
434359
133373
582265
032031
127678
734491
632397
788371
205862
754394
248369
932853
873278
561598
139840
823149
339991
752391
702698
949892
464869
720122
499485
785355
462927
581821
749880
982414
913592
116072
942633
348904
157490
235052
179567
452695
517403
221549
703928
400578
761490
312507
173729
228771
090401
521050
321117
363363
767977
978839
823151
331351
481135
514178
731021
287017
745062
214449
461074
510487
361262
560570
895059
817193
194630
445081
016716
695874
407579
516386
846530
308507
734610
352297
458031
818561
163006
459402
223153
790973
143095
286217
359316
851148
868018
855254
492054
894482
536138
008193
849451
882397
737346
812261
187385
494490
382897
793744
302450
065520
376736
235283
335746
703390
275461
240262
254121
121919
734680
116803
014591
339708
813482
910727
844467
456816
467201
256586
888066
560931
218929
464346
965993
887553
049342
504609
782996
773225
201441
007452
519719
979262
155328
919500
762324
029913
914559
261389
102004
739519
178803
955663
426367
352166
047778
086400
780354
552475
688703
044785
242781
588634
113564
625945
833010
455767
774974
946965
727513
880448
555154
141305
081798
295840
964945
437092
963981
876700
382675
377922
584787
623542
654899
812729
530171
081584
419670
435464
812567
683557
187483
856771
416783
440645
356071
823372
474873
830839
716891
335038
358891
125019
071267
070410
456391
840209
189720
554093
225034
696322
458010
842253
707173
844483
783823
962309
762420
325893
258891
554416
348760
009626
350913
569148
036120
871960
556159
492437
157982
841883
443205
441500
589005
179887
986594
308951
564387
235719
884610
400397
460632
889986
254715
885964
863732
653886
016903
460506
185003
270712
258839
949400
436884
663006
097762
308127
847241
661175
752794
284377
862464
485985
242131
864358
436529
620633
185906
473142
087146
788022
794357
901262
089039
207840
069955
219131
684461
754634
445132
513090
781419
833905
781700
205985
421331
043359
562091
942703
194085
517856
430768
210480
926528
459958
234000
014670
702186
975936
938402
696840
400414
714289
028316
683228
766526
265061
676046
776518
981868
065463
943661
465983
425649
395079
042315
477324
933433
711991
426694
745868
669473
652276
865002
614018
735056
750329
960139
427389
157345
559632
583626
196582
641826
667855
892142
494265
952696
705291
452453
727241
051715
154685
559389
634345
242664
070215
487452
254038
853234
251237
358717
765587
558359
309148
379053
174109
581342
491192
078087
049516
765744
335723
211880
504456
357592
057215
973889
702759
741175
250105
914387
084941
658329
433826
601674
623079
539366
486356
598667
218600
985083
184578
660341
768859
155424
898232
207299
566018
955242
349780
399093
090250
567185
260234
052651
581728
557900
552844
460274
960092
682508
441940
850236
707056
195667
776927
428103
624041
675030
205495
440824
827875
800454
394987
767276
208246
288608
279662
932454
098112
243060
042836
042775
163367
653858
146974
367812
449378
473854
448179
658106
547956
653044
330672
740395
109385
785344
830468
791787
838545
020892
176221
766948
578929
957305
269054
836336
168871
368340
181678
921321
904665
138789
821425
616732
566637
304532
960099
234380
039150
406612
316495
880933
830029
993257
000980
540940
723840
948791
239422
994560
122269
050013
164675
019203
104183
394410
307500
591985
720173
509478
447626
845467
159113
082148
267530
183209
812491
241990
240040
261665
403076
844110
729693
636520
152149
935317
553880
577849
316168
535996
343814
098223
024066
722876
487316
118688
586494
443191
320961
640785
249842
143015
260208
812776
489086
904446
516610
146494
366818
115899
942545
850612
765927
185920
992564
359015
242612
855309
991190
947953
464045
180260
991037
995271
782047
188920
142339
896480
852817
100744
411290
383178
438479
876859
823967
459995
974188
908280
523455
404393
535129
607566
315138
428144
455067
224197
830794
380170
983761
816015
554663
843751
404965
223561
801395
136240
807135
753403
827165
673067
500781
754172
219137
698328
777632
428661
540461
581161
218748
648602
823340
393449
778423
673556
180765
309968
265593
149648
239858
985189
795789
441927
220101
606720
105004
161241
516693
253135
589265
888094
707712
407158
866388
594360
744385
036370
688418
199974
386099
955211
662794
655277
192143
102553
512070
966038
777204
997814
150043
417581
582024
506706
336766
344169
525210
606208
685566
968688
139279
180316
531562
760846
122923
639872
950721
116529
385360
911463
284373
834036
379949
863244
681808
271892
312774
654149
399824
873620
592123
051452
965922
899398
067785
722458
308002
383297
884996
355033
317032
530645
642624
826616
455721
758964
712847
270406
194398
492659
313166
556545
546824
538665
631833
615957
119145
443490
740800
152299
910291
727161
589899
216516
561015
585735
947303
642356
988541
962680
683928
536891
604862
700032
803581
414095
174942
263754
457708
537325
539229
391112
575375
954428
244863
872600
477870
594265
346258
603340
619198
273172
246248
498093
581960
512790
485342
086914
815718
000800
888845
851883
175387
971535
521332
293398
189334
848878
725677
123977
240251
975704
376551
194352
162582
525736
494252
281937
981406
320247
590406
862828
347088
675568
948644
119226
403034
557462
380822
373169
640936
479592
955587
387554
668135
051158
405441
952993
620980
240035
170654
222449
517197
164759
160637
152867
990910
172857
043135
815196
778230
731413
191331
860036
902809
109627
180344
194628
646448
816601
328883
309231
219236
134991
515032
719628
921282
972550
661186
069698
774018
213551
659274
051680
154590
956601
153569
493290
880989
142235
833324
315164
897432
815046
031552
977591
639797
226441
738202
848673
411706
873565
806669
260523
849190
431267
447812
557037
885552
452351
397364
190170
955553
151876
083793
951133
916210
361566
692797
410873
229594
631817
106336
211837
231437
669116
037958
177150
883882
408877
301151
156203
533346
951442
192996
105058
614790
372289
295805
621323
883142
663675
128110
474470
724975
429405
774552
893957
498883
019370
755010
090336
876848
513010
451340
242854
499023
067940
227402
800890
340576
735801
436284
598663
190881
952241
275891
508200
260862
930691
012795
228081
949162
531182
382731
677796
054271
846533
404978
060955
246610
461041
139362
164542
428476
986766
593070
984652
363300
738320
669099
433149
561111
654756
275672
929301
212115
260696
286851
875087
410060
236372
629469
883862
373838
943617
493651
423243
101349
818933
016173
223682
431619
913731
139601
369122
784409
569984
805279
769206
335210
731273
804447
912241
913004
553184
758491
953642
