433159
015117
088766
381866
770539
689778
533500
018015
207215
444116
240716
634869
391585
607984
925000
592900
023814
520656
670202
382306
875345
865638
427047
604900
354382
880366
956917
689254
324401
359346
409074
426269
815552
524890
371155
743000
202858
839326
783940
761117
212321
079452
183602
973335
963969
004547
953033
149922
082979
399661
536904
803163
327389
515636
602272
348819
999815
043098
032868
059229
517393
705604
417325
845293
213774
425075
771473
788957
434396
146501
002465
903294
182564
204153
794775
782350
024728
529959
722285
494348
218829
340462
676329
591189
728260
639269
423887
960741
725379
581088
631121
003521
815800
777996
974209
875928
012241
734052
456026
804901
416970
378956
029154
988797
526747
257111
612797
864782
036741
155185
720955
218805
341389
187876
643472
203832
291801
862517
663266
654147
561122
825450
724484
988247
448403
749510
361341
956677
423756
460837
983242
309425
854886
099366
621466
702061
942931
495299
237192
599482
082815
814837
195055
048996
306749
977740
152638
606308
710406
298532
551871
941665
270345
428846
655914
916557
254960
938453
103044
213975
095327
017809
152760
951751
350580
280432
710273
579296
428926
532546
168142
030723
051179
274359
845899
207956
939172
121905
076076
162430
299286
623450
482129
175115
283552
458717
742952
932839
781671
525693
833756
882757
263464
538856
826277
633996
416773
740382
043088
413793
558065
901714
665920
307454
937508
397932
182243
126285
396270
487019
833955
631996
611784
213723
019769
944331
975583
216515
068308
425589
164486
995983
333744
216095
629922
240552
479992
817522
362343
790635
656900
102002
943074
701915
759893
348679
537968
484911
449658
865590
580071
035191
165136
520566
226126
262289
444687
598666
869879
541178
424786
660176
587136
721694
010774
174577
995649
276713
373556
874754
162468
340092
233973
207456
235714
922214
942846
294221
062023
927868
332928
847378
734738
058422
168040
553041
693794
715912
660968
785228
338106
196310
490111
316067
695998
596085
301128
335920
483804
314285
692490
919672
482628
442544
798522
206918
231307
068025
098244
369075
922432
030380
153596
481461
670628
204726
894308
498645
121428
958039
968442
110842
162536
494042
042067
267297
167648
529141
168766
254238
221946
691649
974886
229411
269875
514747
577005
092763
234537
315539
391566
272094
225057
178367
273807
964621
689658
089316
138635
315427
135202
811667
724736
667722
761665
293130
097113
217333
094793
112063
755574
535805
088172
709910
513014
528120
436983
724513
282667
450271
246433
814533
214415
751080
198676
897259
007876
908815
759315
333734
732716
495703
364257
442199
196894
193228
755225
205416
721907
676055
157412
286856
830145
906576
278283
905458
333405
928331
369207
107755
183841
204500
556162
565683
554780
643902
289598
585376
749379
098024
862499
072288
622409
481594
212238
626492
546610
574223
120299
152200
181443
297649
392326
771241
209348
503369
484869
830704
828061
246787
879508
685407
555867
789982
787975
907922
457609
118780
962274
038930
847278
206021
587109
248951
058825
210595
960468
793792
048534
310297
854339
313767
128379
662126
932355
619325
914986
892709
835241
169752
337388
036523
239006
201395
292445
200014
132998
175109
241808
905374
727428
348955
350403
567959
394182
264304
931111
796987
821938
613350
899264
868675
415837
287932
721749
382515
253428
067590
470806
457663
032720
352845
712513
860394
455266
560159
302112
300967
791221
207620
078733
110940
495268
877224
233336
099356
080131
047328
893308
655814
640871
248325
693261
402879
715392
074079
837209
502962
924665
367516
337269
424811
887296
955669
764652
250074
206474
488832
140492
845375
284679
679677
487517
296188
763546
565686
926136
912528
694954
949141
261424
933948
456305
569955
262737
969999
728252
813358
389530
357472
238972
454958
522730
793826
676238
519001
952835
930019
914939
393133
773694
560584
449693
349051
658167
480803
198454
202471
264185
166906
274974
402801
133951
365608
664016
635237
957541
916203
256159
512438
743913
551449
686492
730596
590850
723722
259602
918200
059563
540078
951454
219705
961627
425105
627506
359236
581733
611381
172643
294898
851376
292605
076967
858094
204754
466917
615397
217375
625808
157443
131622
701499
912634
662707
801856
174306
288580
526414
838660
887814
408493
291809
712729
018913
588612
290605
713596
082873
280782
661403
430662
183914
026412
739819
780353
118342
021807
721266
709644
355627
392903
132396
691751
982642
619382
182921
876062
606317
785970
381449
704999
347029
488618
571920
629711
324672
475497
913147
199587
924514
673489
698781
261552
502849
789250
403985
477428
214245
400459
832245
474839
443883
028952
498424
087477
345362
325146
307525
823507
395734
850595
814639
954017
554944
267406
919772
943246
441426
131011
191386
585116
123404
888835
782620
412631
505315
713950
033950
365243
174225
045646
075847
616967
768207
593151
641125
100663
243962
533733
511342
303031
037031
038813
439722
070046
012690
634561
260117
349682
286762
138806
398497
125561
655941
167009
800419
351458
083877
834999
566923
031450
295590
660270
011218
441342
986550
774964
198934
132600
218116
715468
159121
316447
566457
592742
758355
149508
800537
020638
259688
442307
147534
416474
314345
299290
222891
463302
062940
287572
522465
900055
658134
906440
594451
892123
784543
156099
294223
378499
877802
659908
009502
579257
582356
797626
153383
791140
067813
511261
140864
770225
080351
211987
446994
771543
736573
189118
320461
635494
813732
285766
014882
915777
354387
462962
257025
785903
605315
086236
525879
347833
415916
526377
631607
980718
969913
994454
719956
547375
041077
158848
521932
773374
116474
522345
051152
913821
121055
015614
468072
586081
902853
939760
544142
230071
486702
750086
108642
448601
581764
972664
221511
094460
140371
740389
808513
351714
020959
652088
905835
782347
241154
472327
931690
828911
097963
688866
535833
362349
928093
430309
495745
835717
307349
388316
923464
670955
121216
842558
142601
020577
982909
051638
273577
659070
314834
348527
269869
403315
825670
040214
163151
831654
443883
124933
202059
724305
509903
735947
253636
429420
520198
425543
581365
505971
976075
950728
198211
340509
098548
957416
473005
125155
421786
419884
703801
977774
115858
403043
466370
257923
816597
485171
983221
250912
514564
987809
764108
438082
271223
511282
338826
395291
537968
582059
794149
752145
158396
473009
842320
720833
434299
764297
195310
724207
829116
944285
490104
256700
477442
136087
251818
897672
821951
874628
067248
613984
348353
904903
350908
145867
668108
854648
381910
882165
586794
622584
788353
750086
962377
235458
440272
200936
990139
660775
327018
864157
454789
162711
776842
539176
342325
619821
328013
505170
646152
213123
284214
406318
992552
742699
853845
999689
507497
753311
239052
118111
281284
065639
323772
858925
467834
259431
896587
901763
276270
228929
689096
890120
112558
821440
180471
723328
070311
619909
894468
900455
512202
908085
885573
463170
259775
207882
766569
140289
522674
400698
995206
076595
873739
