877880
796844
617331
519721
056611
617281
955740
441594
464638
151908
001966
064281
210949
233191
879117
032072
444581
758065
225288
363546
078251
557620
474490
124702
648146
023723
065157
259105
718990
842358
930688
127705
048274
478555
600373
813281
601385
066135
592851
346563
403050
729044
160504
907812
697179
972354
846972
129910
052878
298639
681892
305983
409057
382088
369669
242123
089264
786489
969396
184579
487169
609198
810986
533138
601222
889937
302483
679352
729287
592601
866835
900409
394479
543135
113609
491422
990320
646433
075603
500180
897962
111515
676579
203617
272139
227175
734494
895308
198530
419266
858813
848515
567927
438155
776857
048719
041249
512880
931747
391858
640935
650542
018403
980927
030295
009280
036195
596221
385760
492272
903753
724036
530079
193047
616217
525263
151035
398737
464692
982866
448768
932776
213357
020915
829467
142887
381646
204297
644268
581996
689734
277162
438787
349922
106416
617486
329796
220045
588486
731434
929433
172978
986925
229691
870452
953967
438906
588467
133156
448500
651926
370399
840891
090989
680836
967195
397992
738399
575464
885277
849852
798463
407040
127036
280742
183748
241352
493716
260079
643981
776902
497024
685387
425738
887754
259438
650993
243178
971209
342448
910066
267567
568638
560308
309301
616075
308613
251629
311523
549814
694905
567461
500578
589704
690627
378452
766224
831336
556433
517230
546272
252590
800400
704068
469982
506024
546571
839798
849624
097097
326620
767615
304766
065192
546912
420673
080131
825086
717816
885185
786726
862067
340478
321669
445403
834773
666265
861449
273838
674297
496737
137583
372614
450812
566554
350200
941671
926357
535028
882096
679552
696368
320974
706364
522018
705112
103078
279563
086844
568241
742713
988460
660431
176989
919224
056861
266861
642205
083437
881753
163169
949931
881335
778960
921072
846709
067421
824754
423816
379316
262395
503112
499865
692739
242524
113315
911592
205887
148049
556270
943784
778898
695325
775772
854338
732783
452774
244522
119365
075967
592206
046621
930866
545256
935329
186336
166319
384630
348049
483300
143433
215553
357380
221602
871054
975222
744951
994793
018143
650613
507495
628296
711567
092473
888210
404640
331176
194558
274689
061980
315429
139088
098425
275423
493902
351394
593121
823533
391759
029377
491745
875043
933971
005399
143432
045802
121055
595227
360424
939838
740292
805833
708659
393628
094319
995015
267255
716882
719531
763164
944983
819653
936856
866245
358569
128283
327527
939934
800148
217967
867469
767184
341002
200102
820907
673555
907802
701024
907692
659586
704728
466199
193511
147691
842894
485613
686892
494203
560129
153197
030187
355479
379266
733512
489544
609465
258625
683309
249569
605711
254496
867964
539874
611892
841176
815635
509048
290164
450345
907637
054512
288526
664579
042134
236551
611058
446919
361558
233962
191327
733072
489610
884005
974473
877140
699351
033630
325701
835843
241256
064931
766099
788434
556339
536600
482445
466614
019427
811320
662462
917656
333551
743842
367888
120077
709529
713804
153394
944341
193563
931851
929001
798650
928955
374010
111504
421673
802785
488224
707971
513056
065573
526809
907628
778083
570574
617012
961867
280006
071114
914442
167357
127925
753100
962513
449686
458869
037476
642594
523160
945817
543582
518465
154049
748012
820635
430528
521501
245375
263621
850089
612130
779278
267672
887793
669864
685676
845391
303567
280954
884235
260089
583808
121510
401352
887915
223558
453051
133661
321974
647027
226983
998718
443270
180518
824799
852223
860637
730425
622461
645427
337733
588158
404383
797162
378832
633190
771479
234970
862976
564277
904468
948967
578309
627154
816141
213102
392911
146491
055954
639696
635159
137844
087669
551449
021575
773695
657034
369472
182249
387692
219817
347831
901866
900298
121246
677056
388250
081790
210137
329109
220291
880586
574792
394476
082366
638071
815996
726939
209485
522086
607335
872977
573326
690215
238899
264025
082012
752954
556958
979550
947612
549469
134905
751910
247422
090075
707281
079498
583470
728601
529514
218156
723417
704019
599905
191990
640583
188844
173921
491795
380175
495690
484692
161560
269566
741266
791511
520862
171890
404082
849825
979743
372100
261705
589684
578150
119781
608229
952146
834804
026402
573428
401207
373606
893379
194198
172267
208725
174117
285709
600603
006510
672088
016857
523977
208808
152421
188096
631650
681429
805258
663956
071508
868508
288944
018018
852834
029555
131441
216612
609505
857978
535533
807921
623053
766851
128119
557065
369428
637636
193774
429704
523205
933383
526011
930525
360674
728576
649335
268312
199121
610470
028429
127856
647458
989759
494073
628421
155808
769820
047876
104899
141111
876005
749955
534241
506682
947261
066757
225527
737998
573738
150121
641705
431967
052852
130254
102137
128868
668727
778408
402414
827705
488498
387682
525107
028651
465566
878591
954369
950629
895501
186049
485380
180527
893709
341762
160023
133002
030982
366802
987349
443958
192672
135749
766478
287649
841405
176819
626719
319429
574192
485408
750699
042084
677449
536308
320032
380042
799118
808992
648308
378877
446984
098448
534906
312985
134385
619631
847041
277485
718005
226934
506590
285484
770109
499344
825464
671537
471148
232202
326566
247393
303609
759452
538854
351308
766587
494895
689730
190707
268176
394554
561730
071011
505354
878339
862639
569981
549868
978075
023276
692388
729629
297796
396561
651176
765774
306695
220251
726465
769995
744211
750570
135438
086190
843829
233056
912113
083930
226557
764682
934534
311205
175515
764743
506743
457901
865896
059600
736570
394468
493653
041180
484965
423054
822041
697715
084667
368599
305292
521229
636492
274349
039651
445059
408377
783667
933941
333774
835472
095770
174743
120848
906983
185636
434570
380397
542874
432066
644802
355872
718685
681517
516715
743958
160240
254730
861185
694332
799099
360541
711904
259255
279909
730021
654416
996662
026132
545159
598709
705532
111010
424197
255854
059020
823869
161277
111358
734308
117595
753880
369041
656869
346951
380781
469457
191006
985464
361798
886649
449327
722564
222595
351816
212196
178523
573314
247605
496403
067005
431440
720331
636433
443106
345539
965195
041947
062721
933980
056840
751988
257070
479614
598023
350936
740276
364921
569562
285909
956222
294968
949222
676261
505973
848353
309907
377372
083774
559521
422507
138852
299905
399999
768806
461216
218799
338787
052381
299529
297593
310844
319412
671804
339410
877454
819655
162959
616791
038522
748647
392505
000089
207450
328924
680549
172686
972337
134115
681725
709251
892617
330104
002440
745048
030162
635134
479367
353878
372438
046768
473191
783915
238304
569754
037842
837731
930391
878988
111585
891713
745227
433164
997729
654849
713671
223533
974124
934359
482735
717096
950758
201817
239642
670549
130094
065864
499970
787816
616445
086554
757855
046203
164319
405695
456334
386524
340781
517175
143022
800915
561854
788734
131299
967944
216402
223379
669796
952813
