239534
338047
359562
892267
463408
097588
861174
674168
521250
042748
647819
239775
679823
860978
696459
763445
312378
930317
441791
416491
930458
446009
041450
730951
902855
307699
593710
570855
019583
841603
758515
823329
891071
055289
707668
445698
002021
626368
634902
351773
500839
021813
677010
676232
752654
528349
235866
172812
604196
528105
963340
507991
738499
721609
960329
622519
909150
175591
893697
349841
290142
603547
940131
691449
583009
401239
567178
067585
712483
834660
487805
516658
437390
548603
077035
807562
734368
187210
928431
182645
356573
599889
682135
588990
663459
041238
373293
965289
053287
277976
373821
324125
017473
438091
525540
154284
285625
069935
276987
433927
239762
219583
508490
506877
648587
975868
404858
791844
569358
187348
084943
768041
321937
118147
889793
914407
291993
663258
655866
450305
403450
021814
376255
139728
548030
784550
907877
209240
237892
065611
461244
585201
377588
734744
668631
871582
750951
322530
355399
230370
014970
924910
180940
766297
475243
084047
525227
002603
538784
715681
165250
727278
512428
080772
282358
610954
114257
061594
755674
340402
229110
906041
124069
326296
294096
088375
926337
888359
519884
299805
646772
065773
278525
825272
733523
838963
664889
620489
787778
408892
931513
083203
428124
479233
576000
196292
233186
422095
577492
228939
395910
183653
903609
541549
556228
213837
191805
291928
578102
753498
760868
815930
593836
950131
600030
970545
207930
809491
998272
435059
082291
863334
969896
817352
524097
709491
829242
451432
708041
743667
470501
846352
333130
530919
691221
758529
577070
384467
554114
335219
740543
956460
221591
252504
215060
812948
742521
289205
108863
933384
360046
466203
131127
212884
438578
003371
731378
394746
773956
227147
248801
975631
936218
935970
640328
850513
244719
614290
573246
484592
893862
509514
114548
829671
291367
785515
594281
374634
088496
827775
088749
915118
140301
330890
628511
977109
173896
822531
987489
385566
293371
221440
548727
928738
481287
811633
140840
531067
047380
782471
803472
929392
399233
000706
939718
195976
783110
805324
916619
193609
109589
954714
330858
941959
932112
771705
067509
159749
045515
331493
938894
875809
682592
245800
292705
117298
122361
689110
252246
977020
824167
034549
161076
786842
743857
052126
625859
295830
247228
851263
017987
036641
826385
642890
879084
683294
420552
242957
307889
422877
434334
149116
101619
714872
314556
580629
375400
847375
455189
617604
490892
406663
078121
270526
383319
532519
589370
889771
379025
343790
050903
357276
870453
523860
174252
409431
045403
766928
177597
532310
955553
115827
334456
513054
127456
019227
548611
290240
994816
788912
156192
253453
559042
189346
755887
352745
646372
820608
704294
326757
829496
354020
396121
819759
487503
828232
807742
072532
444646
621056
256943
551337
929653
052530
149984
566102
975572
216495
826296
774865
338359
146017
316583
344937
347953
015681
213189
432824
519232
282242
642810
644182
410192
623582
913608
867316
007613
950760
417468
787383
664098
509153
696536
853666
957455
624403
944923
142412
557450
091624
325649
768352
722598
693303
828866
968522
294074
201221
585637
748410
057103
072552
209578
307740
255853
654121
537152
020893
682239
849046
112459
727430
773758
143615
625767
922703
186449
217516
823856
193957
984813
182717
324687
296664
583860
930836
066620
113436
820867
403768
588717
647992
310870
934734
276572
369954
149563
092916
610467
779856
500470
434203
132681
133244
354511
015493
040121
510399
777924
023331
645581
495080
172967
550024
762827
639684
441418
044324
427509
551139
157855
895718
313344
597508
764763
040526
328715
345116
382542
696002
891815
886058
865895
197428
554333
172134
768026
585244
112920
982677
601011
060320
585088
932723
673999
092159
415497
799553
934181
882424
915093
526126
962032
010143
364950
207792
214854
462765
257414
652482
565608
938651
971383
396384
540441
691074
157344
512052
084380
399451
498622
678067
053589
846332
091558
201756
967496
113545
328900
446445
342919
145130
100126
185417
766284
508368
410547
086533
492176
786678
627464
860633
075868
111173
714929
940644
622114
667734
480913
671491
986430
138818
212192
449315
532668
052079
572385
446538
432756
935073
411334
784346
658513
729371
242874
925204
178973
245308
167593
366861
286245
637916
212422
329080
035702
790298
115013
882284
550615
836913
512099
609474
651826
573072
153488
824245
109439
741338
620901
061609
838796
999550
355615
412487
335213
709309
355537
959859
791835
887567
304807
984041
510974
284411
836427
145567
195586
297687
015884
230353
009285
352768
654449
259704
697222
570961
526594
059821
336575
545618
694971
529092
822857
607012
966496
400401
549999
134303
441574
587584
838859
117134
165127
262505
829121
265626
793323
896906
333939
444569
422341
076828
749056
924343
905082
524087
226380
515468
295737
846009
570514
234412
939977
192707
082320
532013
997776
662031
933598
477905
859327
920723
869719
328145
308636
638661
087675
354983
085653
287884
149718
256599
314335
221550
420313
880594
560753
087533
347320
562007
328989
366023
804709
944833
293891
120819
564990
534344
852983
373945
617736
308208
368201
592292
160704
724196
534334
579141
734653
958507
587457
904096
396728
028281
908624
477769
472923
613955
806091
813452
551910
937672
826004
472104
521042
633986
929881
939824
338668
175254
738020
627093
962288
866046
778650
842260
310313
938427
083257
818587
756851
011988
955984
060425
435398
993973
010695
507457
642446
714296
936740
740188
657524
182892
353937
495122
356103
932939
874586
192275
030246
665689
656642
685248
978322
364306
513416
885077
488659
494329
397233
297159
703733
171426
533260
343333
260775
811856
068520
230606
101911
093143
154720
639205
780984
220970
774524
006349
061191
737077
537428
827361
095217
635690
566252
030723
472299
651157
972011
479612
641006
298853
225554
349964
209763
938885
291193
485272
010438
933745
458011
808567
306460
191876
530109
398396
156492
423009
901640
349775
947774
358465
140059
129526
183742
447315
122689
951154
752221
209253
439075
164223
172696
119309
963578
690454
207592
418772
104131
107136
179790
857890
518554
174350
894110
756488
175202
840982
354326
376453
963142
149316
956602
558840
845097
029913
267331
322416
421127
575931
227049
374969
830287
392244
042736
160161
116571
366641
619267
762800
577975
632797
320758
692990
452788
585044
082761
075044
903734
232933
328258
784742
822378
109435
140887
482466
755235
516694
990644
817778
510374
992305
777473
745734
589468
511385
266193
374249
175551
381627
433099
207104
121460
430206
916643
598711
628144
558690
351016
478516
636541
752967
686419
244364
068069
722768
677998
063955
384076
942723
681951
647570
349810
799713
392062
749696
093625
453416
765091
848357
898896
886644
972309
599684
443979
390009
094831
210232
981764
544920
622082
861286
030986
167095
166019
838040
519201
535743
951683
184098
862421
113951
870635
485674
080328
384229
582993
431288
165478
814995
908760
824597
602895
267165
887284
017252
642690
706284
423470
952643
