405385
983148
926236
232225
923489
971164
832953
440814
276617
867901
413047
760840
570316
874212
687010
312661
660425
215472
737423
003601
194033
478563
265294
089206
655767
628934
553420
497871
551478
414771
057121
089856
689545
692060
378389
869392
416793
623231
023708
541411
150200
924235
966749
432547
617953
858186
159866
990941
552993
642709
492078
816817
309188
663631
160718
332844
941133
073868
791764
272207
487322
792653
617859
970267
586087
393655
162363
139206
487844
361704
582597
988709
653385
435651
735347
339974
480029
661965
983064
166700
103631
100095
374066
675090
351543
793441
047537
367922
438482
347098
928939
961143
551229
886163
703843
423665
429973
078159
096896
808531
208359
116361
955273
505182
252199
787829
810107
846177
137359
446330
972357
689735
909651
479414
401014
822841
960997
006474
080443
347140
377763
675602
373557
024280
532099
452971
597161
658184
200048
243610
456660
719553
835185
074481
053131
430552
677091
532406
061138
934023
736506
156023
588663
996090
543153
142503
828840
166042
222382
166654
219809
079947
947446
405844
762634
772099
867810
445651
015725
102306
636700
208661
092142
588878
457814
500877
050929
203338
233559
990600
209182
173080
776241
421634
187509
488365
246279
641862
237122
714137
693330
027042
478588
999894
464592
293813
753108
179166
985035
938852
484716
682184
294580
434357
982254
457321
318526
360331
192195
818845
329587
350427
656632
023140
954270
167320
087617
760919
934641
851711
353041
169437
737305
400200
749592
455943
817573
948391
424787
258615
231836
629754
911295
194488
642850
150452
675679
971098
026502
021377
857567
799666
965385
806806
387402
497245
765292
021608
088772
771370
182918
972844
243711
217875
237757
934631
045236
335051
239646
932734
360850
682372
114386
606710
049795
001014
447884
038246
083256
504424
884193
959043
815019
816081
560962
601388
762155
517281
581452
149724
728353
798442
362571
419664
325443
918551
305829
974184
372423
693403
034423
021337
873904
647108
563242
689675
808784
653814
996360
231403
008663
882014
524080
197387
092303
041087
557894
679446
515198
207385
987778
451679
078352
113948
571345
480464
748396
025338
848280
851617
343859
302219
853099
337610
399500
844388
655137
016687
349971
864691
318802
787088
521631
252168
049879
575784
429434
246390
983999
705817
923100
733932
786792
368435
734798
746729
874178
884697
475804
111785
049952
174852
644723
090972
076409
745936
068375
134539
101225
601224
781939
633913
766311
832327
658907
348841
481495
461650
290856
430910
338667
385462
153326
145261
504234
950748
333031
121217
289796
165752
866213
775996
469104
738316
637958
167950
276134
653113
626444
457700
905201
201126
437900
647731
096845
163159
251321
934431
904571
499203
506875
137825
881144
007583
266732
307345
050626
977667
227269
780850
827070
991222
713236
999730
346157
251785
346627
366577
377065
647705
446371
857842
899632
209080
087968
368699
987973
595925
954979
060682
661138
672494
568245
905210
009713
345041
982210
265534
040603
597022
275009
880102
997889
021493
442149
620221
598358
503381
066261
295975
530430
111013
017383
435861
982370
003679
009667
087100
795040
458740
124921
371043
104052
031111
678435
176411
454859
183362
391559
219061
657807
497883
051072
350617
504146
783189
703124
512901
682432
788691
818715
919531
648949
317529
360193
717042
427769
231189
710539
954406
403233
173767
735578
445307
688834
008250
417274
867817
226680
990995
719159
331687
462686
917114
339433
158040
500833
009190
447730
213840
227330
955109
502823
693690
690737
683948
543143
742911
705320
667044
792570
409945
227429
268691
370231
996225
447172
548222
812557
464825
787202
219766
670926
263573
540582
216273
336426
375412
983300
493708
055734
046851
831157
292447
826391
682670
098347
734361
652789
415786
784008
975289
749279
866235
190840
479777
976687
318703
512376
281340
729633
858296
554129
157191
270283
220569
530816
204763
114020
394781
367178
948097
862520
218890
357184
884356
915578
217543
197248
803952
706707
706664
252157
523908
251001
026452
715153
338062
411565
720701
771788
997699
185856
870146
070967
443320
883910
350024
946887
151581
882339
298108
789675
443999
228562
308819
649470
657866
010807
443035
693815
310583
059900
572709
335459
357732
498094
837152
883123
783343
111250
499398
934705
737167
433543
937042
739390
591403
442105
657660
739822
773020
993334
789508
531523
402304
649838
057225
273198
847108
560504
304247
282196
685500
814483
104252
441285
100844
052799
920387
214184
206890
963056
834898
215713
281422
494736
408746
860907
760240
519303
241156
976082
825985
641417
238418
497301
360336
534362
472753
487747
987419
582887
915771
574781
254287
357793
317418
141268
856775
549105
357702
781614
529449
312995
482239
951117
844378
259399
038112
906631
847061
982201
051518
316844
430066
364244
384757
802609
404505
698996
404708
562844
017806
527235
028963
923806
087817
514942
824000
112337
717628
547632
321245
859744
021237
428146
421614
129540
875065
437454
059335
205439
676590
958388
389390
737571
367336
948561
738544
189909
245991
921767
653860
239416
457205
147868
796301
915000
315449
802918
307214
748878
693404
041979
333385
977736
202620
010938
954875
939166
414115
073130
651874
563204
795843
295783
946459
454848
437146
676856
000528
481051
197159
055867
421791
857682
698096
094760
755238
360728
798598
065650
944062
468532
393845
666656
385043
464803
082121
517256
702333
029083
636273
264624
750348
786671
258066
346028
939241
344190
107850
110832
639734
578871
129928
303053
334218
581218
814165
463242
979147
142150
835739
389986
738027
358306
600141
230365
553125
040177
780318
437462
444487
240957
456363
177521
871626
743173
089176
950701
956332
426346
110252
416048
146845
762525
418807
635912
550848
502359
472956
304681
307467
270915
727031
786614
596478
209718
839283
805082
955637
156166
705867
251784
969105
623849
986011
302597
410831
702050
698339
154798
084309
652612
547877
200445
333045
585729
092093
748662
571326
280761
188079
458451
078877
852169
393663
183222
839398
132524
394317
342608
096709
875067
729960
573226
336307
101316
525974
201012
867484
943789
108349
702784
149388
573884
877495
387491
135395
965413
470729
459997
955915
399662
558072
458100
056441
041144
265657
662535
521527
990000
982291
461025
064933
542158
483749
630194
797594
333837
355164
114152
998402
227085
898973
813887
002604
652016
151717
665593
352560
855026
385368
895346
614163
403089
754961
901015
984843
724526
018521
516622
572425
201889
951635
755401
884969
774664
667599
756822
709540
124640
549215
422265
631836
328290
827797
090514
602960
324170
324620
148233
813759
575348
439201
725038
524413
816108
514545
275722
151583
552877
409317
148807
490057
016418
268814
452674
849906
693644
748649
067604
611055
055381
478184
180938
932337
063378
966658
912382
502232
570299
525103
780112
589695
822858
966079
806756
014214
352341
027328
262303
711377
136799
308866
431591
383797
703105
286192
381659
406376
605503
374373
733051
116504
830738
183050
373052
197944
