512817
096752
479079
660259
805796
208093
331763
165850
480430
733655
955773
703545
137150
199738
983952
547309
272088
249046
817390
767016
817795
064446
429926
465243
273629
678268
544284
109855
376355
941963
241847
272249
773348
538768
979802
632613
099058
569134
033397
842771
550513
598842
407892
358989
823308
228478
848196
148183
926540
987942
466798
198713
698831
005664
655121
719086
190497
423070
664422
761502
998832
718895
663839
327784
847516
538877
464220
367546
662747
310275
212735
402845
397356
520733
753501
557239
443136
426353
076025
306067
166580
132708
730510
038869
579783
486647
448673
785094
314865
785561
570269
691737
665136
510020
856534
428438
316460
305728
103576
678594
301984
070860
555008
783305
684839
485424
578242
074095
951788
068547
109147
056249
430360
575228
850045
159642
590336
879078
516836
379509
751528
888083
126701
496960
058124
677417
762110
030275
008256
874562
535777
652879
699107
077799
117571
803237
411123
901054
242868
439125
294644
868421
837346
112718
515311
855758
022226
081671
145969
608241
419174
828559
270781
163289
686041
526881
732988
306441
629283
695300
608783
696167
972009
950472
131836
192638
028224
216110
027669
838673
831569
887989
865952
012221
132691
725498
365737
623860
143908
521277
749197
164369
714343
848686
466130
471927
903967
190111
037087
061026
662201
530511
200413
420168
540738
935096
193045
310892
225111
819756
418220
520359
131206
761024
356072
092746
509579
469721
294352
279376
060036
048899
186930
219091
402375
176551
416991
615414
188289
370709
002952
070334
388596
384024
980392
761841
585024
768000
099372
197324
509018
228878
440365
352289
497846
368431
210095
582209
557442
363627
379877
763019
687413
836580
901608
117662
346372
867833
921050
963534
590058
066099
901657
973431
629258
944088
937558
745386
451612
966780
836302
915599
914257
847381
907289
383995
348305
314272
609412
097364
139557
754203
994265
305491
426614
790306
115334
136784
845708
490019
917027
716258
470011
602064
424396
411339
786808
648258
779660
066289
614391
224672
351726
420047
672801
905165
087361
859517
066512
934113
657460
166823
074677
373306
079514
780178
564770
647851
136430
170062
607912
133760
773572
562410
670309
823063
762514
689341
064354
471593
558803
870083
638299
598884
520714
914804
183429
541366
923376
110810
430540
051075
666527
650741
716268
783871
988764
951807
319441
260582
707882
029025
007725
979528
545853
611046
449580
243115
284024
247804
031170
117575
577479
289113
999234
814868
392933
980127
203513
224451
072683
770995
649275
271675
210211
126710
679392
402999
185755
671009
183868
841304
346597
679967
337659
795153
877681
997471
023871
641127
162883
810509
873144
720633
282225
311162
342012
736136
367394
615656
282011
095728
864248
191444
447962
342546
691739
475619
032720
787023
357899
195840
745389
422582
554756
540686
057972
750444
970563
938652
548143
366888
849988
785011
672704
222678
662644
686156
137126
765112
636083
404588
892239
726674
069558
157651
806973
493095
748668
013803
458560
681790
651449
570958
979577
326753
909475
572743
319917
845938
408537
242013
679533
909905
680098
105555
382248
441358
552589
779936
582385
629728
526492
500338
126610
133439
227270
036882
695234
096260
131739
556033
100935
292844
960768
648462
155928
037511
316918
369244
216748
904481
663943
759178
988974
953527
517003
917654
422606
011624
874013
394052
949462
069887
397737
684783
901424
155606
630114
724073
346891
329312
150506
923935
890915
819782
020264
902468
432663
974244
261244
248139
946807
678285
847302
125211
997106
355521
512222
261857
068952
098499
864492
735076
456391
712162
850512
385259
350595
075049
687104
461969
210889
565516
160240
165061
803122
654727
492897
154443
005633
595347
611257
253105
281743
744612
336947
160551
436404
026972
715728
454695
555044
815799
242849
872839
774440
662259
004712
302658
825630
366728
573119
390374
237293
424211
147933
711910
799024
537999
592928
941446
738294
854179
402671
727582
988166
312355
828973
203591
833519
690098
632876
441234
162286
505775
489619
327920
040169
120391
540878
212707
363811
433348
030735
592795
124044
926020
025835
656597
437931
114247
207553
704439
669975
798486
297318
906003
502213
788330
855393
852683
287014
573696
818223
475986
764505
674411
365509
832917
881573
908768
804894
630659
235411
639092
696912
154728
807814
819562
990902
325454
138731
435731
356101
538106
540806
746618
805343
270142
385352
103441
047560
823891
475349
344235
913997
405794
379806
573409
266463
966485
676140
228371
373753
183856
443115
377406
486133
263469
147484
850007
349986
116500
063247
071908
990944
703172
501699
151234
210593
828998
775553
131964
962913
772890
477547
378517
117557
636668
359092
721514
677415
518197
811025
782211
530913
804743
846117
566550
795291
637565
688137
498337
617774
707628
972386
394315
346626
866271
206699
557687
192668
015826
923558
368496
003521
720477
264440
627138
229464
939109
253986
242357
952958
330236
715216
687082
263448
119149
837305
897231
492895
886537
095566
695123
708118
353864
982331
862259
855305
603923
174433
050207
398583
799074
962197
348616
474593
878496
504030
608709
297342
478424
201894
635565
023195
255900
384074
393492
431137
906669
073088
376301
087642
348062
068110
115246
330891
167013
542218
920759
425401
375181
752908
770367
948575
927512
858090
783505
281385
924719
402434
121557
382196
252303
497841
563646
371407
170878
630990
806808
654691
075685
936922
052259
947844
127770
660721
400316
380545
356695
755131
699468
356457
951182
085399
218080
035876
316060
327588
008515
826637
490035
715456
658448
584471
404700
255252
525214
042128
818663
946092
346608
956678
900821
429682
927640
607831
117447
005902
191393
970402
611810
204393
779969
088297
507939
612849
411430
173416
824531
670343
049235
021236
950914
208137
501611
109494
005762
489673
890733
414328
724713
600365
968251
712922
087682
273406
493733
306490
491030
308621
775217
601825
678384
275373
192135
785116
300871
488037
198889
328475
949882
392585
567650
840773
327778
598779
269666
224732
582045
176737
367813
593549
895727
768535
564979
662533
182124
122780
009767
177063
541531
605280
473677
172301
454787
244739
339606
507423
224660
419859
173857
940022
789288
850904
777165
090533
240174
126743
316107
808619
611698
562031
640100
293994
512684
131553
649784
728708
596753
909449
262839
407367
130772
872767
591355
742402
701953
085626
066082
733672
061559
081371
462861
563191
745749
322521
548544
976750
958420
250274
799273
034775
936183
999905
063359
007929
188884
484360
124322
111548
243862
874055
603382
411158
676052
693643
661089
211755
393827
127606
466358
069829
909020
619261
715652
669322
762008
333952
568745
972758
683807
229911
845389
494260
934052
287327
919958
971800
814991
320471
022424
186108
656955
075663
468526
086107
511276
494076
721176
437861
634774
599572
272445
661537
853070
153154
970254
079417
519839
524894
237979
159446
070802
566090
544681
118467
895273
230343
430068
880360
594490
327026
800694
909407
342159
721001
509165
